$ 1 0.000005 0.5754602676005731 24 5 50 5e-11
155 464 304 496 304 6 0
I 432 368 464 368 0 0.5 5
150 560 480 560 400 0 2 0 5
151 416 176 416 256 0 2 0 5
w 560 368 560 400 0
w 416 256 416 368 0
w 416 368 432 368 0
w 416 368 416 480 0
w 416 480 544 480 0
w 432 176 432 96 0
w 624 176 624 96 0
w 608 480 736 480 0
w 608 368 608 480 0
w 608 368 624 368 0
w 608 256 608 368 0
w 752 368 752 400 0
151 608 176 608 256 0 2 0 5
150 752 480 752 400 0 2 0 5
I 624 368 656 368 0 0.5 5
155 656 304 688 304 6 0
w 448 272 640 272 0
w 640 272 640 336 0
w 640 336 656 336 0
w 464 336 448 336 0
w 448 336 448 272 0
w 256 272 448 272 0
w 560 304 656 304 0
w 368 304 464 304 0
w 400 160 400 176 0
w 400 160 592 160 0
w 592 160 592 176 0
w 208 160 400 160 0
w 576 496 768 496 0
w 768 496 768 480 0
w 576 496 576 480 0
w 384 496 576 496 0
w 768 496 960 496 0
w 960 496 960 480 0
w 1152 496 1152 480 0
w 960 496 1152 496 0
w 592 160 784 160 0
w 976 160 976 176 0
w 784 160 976 160 0
w 784 160 784 176 0
w 752 304 848 304 0
w 944 304 1040 304 0
w 640 272 832 272 0
w 832 336 832 272 0
w 848 336 832 336 0
w 1024 336 1040 336 0
w 1024 272 1024 336 0
w 832 272 1024 272 0
155 1040 304 1072 304 6 0
I 1008 368 1040 368 0 0.5 5
150 1136 480 1136 400 0 2 0 5
151 992 176 992 256 0 2 0 5
w 1136 368 1136 400 0
w 992 256 992 368 0
w 992 368 1008 368 0
w 992 368 992 480 0
w 992 480 1120 480 0
w 1008 176 1008 96 0
w 816 176 816 96 0
w 800 480 928 480 0
w 800 368 800 480 0
w 800 368 816 368 0
w 800 256 800 368 0
w 944 368 944 400 0
151 800 176 800 256 0 2 0 5
150 944 480 944 400 0 2 0 5
I 816 368 848 368 0 0.5 5
155 848 304 880 304 6 0
155 80 304 112 304 6 0
I 48 368 80 368 0 0.5 5
150 176 480 176 400 0 2 0 5
151 32 176 32 256 0 2 0 5
w 176 368 176 400 0
w 32 256 32 368 0
w 32 368 48 368 0
w 32 368 32 480 0
w 32 480 160 480 0
w 48 176 48 96 0
w 240 176 240 96 0
w 224 480 352 480 0
w 224 368 224 480 0
w 224 368 240 368 0
w 224 256 224 368 0
w 368 368 368 400 0
151 224 176 224 256 0 2 0 5
150 368 480 368 400 0 2 0 5
I 240 368 272 368 0 0.5 5
155 272 304 304 304 6 0
w 64 272 256 272 0
w 256 272 256 336 0
w 256 336 272 336 0
w 80 336 64 336 0
w 64 336 64 272 0
w -128 272 64 272 0
w 176 304 272 304 0
w -16 304 80 304 0
w 16 160 16 176 0
w 16 160 208 160 0
w 208 160 208 176 0
w -176 160 16 160 0
w 192 496 384 496 0
w 384 496 384 480 0
w 192 496 192 480 0
w 0 496 192 496 0
w -384 496 -192 496 0
w -192 496 -192 480 0
w 0 496 0 480 0
w -192 496 0 496 0
w -400 160 -368 160 0
w -176 160 -176 176 0
w -368 160 -176 160 0
w -368 160 -368 176 0
w -208 304 -112 304 0
w -320 336 -320 272 0
w -304 336 -320 336 0
w -128 336 -112 336 0
w -128 272 -128 336 0
w -320 272 -128 272 0
155 -112 304 -80 304 6 0
I -144 368 -112 368 0 0.5 5
150 -16 480 -16 400 0 2 0 5
151 -160 176 -160 256 0 2 0 5
w -16 368 -16 400 0
w -160 256 -160 368 0
w -160 368 -144 368 0
w -160 368 -160 480 0
w -160 480 -32 480 0
w -144 176 -144 96 0
w -336 176 -336 96 0
w -352 480 -224 480 0
w -352 368 -352 480 0
w -352 368 -336 368 0
w -352 256 -352 368 0
w -208 368 -208 400 0
151 -352 176 -352 256 0 2 0 5
150 -208 480 -208 400 0 2 0 5
I -336 368 -304 368 0 0.5 5
155 -304 304 -272 304 6 0
w 1136 304 1184 304 0
w 1136 336 1184 336 0
I -464 160 -416 160 0 0.5 5
w -400 160 -416 160 0
w -400 160 -400 496 0
w -384 496 -400 496 0
w -320 336 -416 336 0
w -416 336 -416 384 0
x -548 152 -518 155 6 24 LD
x -549 296 -500 299 4 24 SER
x -550 359 -509 362 4 24 INH
x -552 395 -506 398 4 24 CLK
x 1143 368 1179 371 6 24 QH
x 1135 291 1171 294 4 24 QH
152 -496 384 -432 384 0 2 0 5
w -432 384 -416 384 0
x 62 125 79 128 4 24 C
x 442 122 458 125 4 24 E
x 249 121 266 124 4 24 D
x 632 124 646 127 4 24 F
x -134 124 -118 127 4 24 B
x -325 126 -309 129 4 24 A
x 826 123 844 126 4 24 G
x 1020 129 1037 132 4 24 H
w -464 160 -560 160 0
w -496 400 -560 400 0
w -496 368 -560 368 0
w -304 304 -560 304 0
x -472 126 -384 129 4 32 74165
b -560 96 1183 533 0
