$ 1 0.000005 10.20027730826997 50 5 50 5e-11
x 460 367 526 370 4 24 74393
I 400 400 448 400 0 0.5 5
w 448 496 352 496 0
164 448 400 464 400 0 4 0 0 0 0 false 0
w 400 400 352 400 0
x 358 394 393 397 6 18 1CP
x 359 490 397 493 4 18 1MR
x 544 394 578 397 4 18 1Q3
x 544 425 578 428 4 18 1Q2
x 545 457 579 460 4 18 1Q1
x 544 489 578 492 4 18 1Q0
w 544 400 592 400 0
w 544 432 592 432 0
w 544 464 592 464 0
w 544 496 592 496 0
w 544 640 592 640 0
w 544 608 592 608 0
w 544 576 592 576 0
w 544 544 592 544 0
x 544 633 578 636 4 18 2Q0
x 545 601 579 604 4 18 2Q1
x 544 569 578 572 4 18 2Q2
x 544 538 578 541 4 18 2Q3
x 358 633 396 636 4 18 2MR
x 362 539 397 542 6 18 2CP
w 400 544 352 544 0
164 448 544 464 544 0 4 0 0 0 0 false 0
w 448 640 352 640 0
I 400 544 448 544 0 0.5 5
b 352 336 592 670 0
