$ 1 0.000005 0.5754602676005731 24 5 50 5e-11
w 880 -160 768 -160 0
b 2160 284 768 -229 0
w 880 128 768 128 0
w 832 224 768 224 0
w 816 -16 768 -16 0
w 880 -160 928 -160 0
x 850 -200 916 -197 4 24 74595
w 2032 -160 2048 -160 0
w 2048 -160 2048 16 0
! DLatch 0 D,clk Q DLatch 0\p\s?\q0\n1\p\s?\q1\n??\sA\qA\n
208 1936 64 1968 64 0 DLatch 0
w 1936 64 1936 16 0
w 1936 16 2048 16 0
w 2032 64 2048 64 0
w 2048 64 2048 144 0
w 1936 96 1936 128 0
w 1936 128 1792 128 0
w 2000 176 2000 224 0
w 2032 176 2000 176 0
180 2048 144 2048 208 0 0.1 10000000000
w 2000 224 1856 224 0
x 2003 271 2035 274 4 24 Q7
x 1859 271 1891 274 4 24 Q6
x 1715 274 1747 277 4 24 Q5
x 1572 275 1604 278 4 24 Q4
x 1428 275 1460 278 4 24 Q3
x 1284 277 1316 280 4 24 Q2
x 1142 278 1174 281 4 24 Q1
x 997 279 1029 282 4 24 Q0
x 2095 -171 2143 -168 4 24 Q7S
M 2048 -160 2160 -160 0 2.5
I 832 224 912 224 0 0.5 5
x 795 216 829 219 6 24 OE
x 792 121 856 124 4 24 STCP
w 992 224 912 224 0
w 1136 224 992 224 0
w 1280 224 1136 224 0
w 1424 224 1280 224 0
w 1568 224 1424 224 0
w 1712 224 1568 224 0
w 1856 224 1712 224 0
180 1904 144 1904 208 0 0.1 10000000000
w 1888 176 1856 176 0
w 1856 176 1856 224 0
180 1760 144 1760 208 0 0.1 10000000000
w 1744 176 1712 176 0
w 1712 176 1712 224 0
180 1616 144 1616 208 0 0.1 10000000000
w 1600 176 1568 176 0
w 1568 176 1568 224 0
180 1472 144 1472 208 0 0.1 10000000000
w 1456 176 1424 176 0
w 1424 176 1424 224 0
180 1328 144 1328 208 0 0.1 10000000000
w 1312 176 1280 176 0
w 1280 176 1280 224 0
180 1184 144 1184 208 0 0.1 10000000000
w 1168 176 1136 176 0
w 1136 176 1136 224 0
w 992 176 992 224 0
w 1024 176 992 176 0
180 1040 144 1040 208 0 0.1 1000000000000
w 880 128 928 128 0
w 1792 128 1648 128 0
w 1792 96 1792 128 0
w 1904 64 1904 144 0
w 1888 64 1904 64 0
w 1792 16 1904 16 0
w 1792 64 1792 16 0
208 1792 64 1824 64 0 DLatch 0
w 1648 128 1504 128 0
w 1648 96 1648 128 0
w 1760 64 1760 144 0
w 1744 64 1760 64 0
w 1648 16 1760 16 0
w 1648 64 1648 16 0
208 1648 64 1680 64 0 DLatch 0
w 1504 128 1360 128 0
w 1504 96 1504 128 0
w 1616 64 1616 144 0
w 1600 64 1616 64 0
w 1504 16 1616 16 0
w 1504 64 1504 16 0
208 1504 64 1536 64 0 DLatch 0
w 1216 128 1072 128 0
w 1216 96 1216 128 0
w 1328 64 1328 144 0
w 1312 64 1328 64 0
w 1216 16 1328 16 0
w 1216 64 1216 16 0
208 1216 64 1248 64 0 DLatch 0
208 1360 64 1392 64 0 DLatch 0
w 1360 64 1360 16 0
w 1360 16 1472 16 0
w 1456 64 1472 64 0
w 1472 64 1472 144 0
w 1360 96 1360 128 0
w 1360 128 1216 128 0
w 1072 128 928 128 0
w 1072 96 1072 128 0
w 1184 64 1184 144 0
w 1168 64 1184 64 0
w 1072 16 1184 16 0
w 1072 64 1072 16 0
208 1072 64 1104 64 0 DLatch 0
x 795 -23 832 -20 6 24 MR
I 816 -16 912 -16 0 0.5 5
w 1072 -16 928 -16 0
w 1216 -16 1072 -16 0
w 1360 -16 1216 -16 0
w 1504 -16 1360 -16 0
w 1648 -16 1504 -16 0
w 1792 -16 1648 -16 0
w 1936 -16 1792 -16 0
w 1936 -96 1936 -16 0
w 1792 -96 1792 -16 0
w 1648 -96 1648 -16 0
w 1504 -96 1504 -16 0
w 1360 -96 1360 -16 0
w 1216 -96 1216 -16 0
w 1072 -96 1072 -16 0
w 928 -16 912 -16 0
w 928 -96 928 -16 0
w 1040 64 1040 144 0
w 1024 64 1040 64 0
w 928 96 928 128 0
w 928 16 928 64 0
w 1040 16 928 16 0
w 1600 -160 1616 -160 0
208 928 64 960 48 0 DLatch 0
w 1920 -128 1936 -128 0
w 1888 -160 1904 -160 0
w 1904 -160 1904 16 0
w 1904 -160 1936 -160 0
w 1920 -64 1776 -64 0
w 1920 -128 1920 -64 0
155 1936 -160 1968 -160 2 0
w 1776 -128 1792 -128 0
w 1744 -160 1760 -160 0
w 1760 -160 1760 16 0
w 1760 -160 1792 -160 0
w 1776 -64 1632 -64 0
w 1776 -128 1776 -64 0
155 1792 -160 1824 -160 2 0
155 1648 -160 1680 -160 2 0
w 1632 -128 1632 -64 0
w 1632 -64 1488 -64 0
w 1616 -160 1648 -160 0
w 1616 -160 1616 16 0
w 1632 -128 1648 -128 0
155 1504 -160 1536 -160 2 0
w 1488 -128 1488 -64 0
w 1488 -64 1344 -64 0
w 1472 -160 1504 -160 0
w 1472 -160 1472 16 0
w 1456 -160 1472 -160 0
w 1488 -128 1504 -128 0
155 1360 -160 1392 -160 2 0
w 1344 -128 1344 -64 0
w 1344 -64 1200 -64 0
w 1328 -160 1360 -160 0
w 1328 -160 1328 16 0
w 1312 -160 1328 -160 0
w 1344 -128 1360 -128 0
w 1200 -128 1216 -128 0
w 1168 -160 1184 -160 0
w 1056 -128 1072 -128 0
w 1040 -160 1072 -160 0
w 928 -128 912 -128 0
x 793 -75 859 -72 4 24 SHCP
x 795 -168 828 -165 4 24 DS
w 1184 -160 1184 16 0
w 1184 -160 1216 -160 0
w 1040 -160 1040 16 0
w 1024 -160 1040 -160 0
w 912 -64 768 -64 0
w 1056 -64 912 -64 0
w 1200 -64 1056 -64 0
w 912 -128 912 -64 0
w 1200 -128 1200 -64 0
w 1056 -128 1056 -64 0
155 928 -160 944 -160 2 0
155 1072 -160 1104 -160 2 0
155 1216 -160 1248 -160 2 0
w 1040 208 1040 288 0
w 1184 208 1184 288 0
w 1328 208 1328 288 0
w 1472 208 1472 288 0
w 1616 208 1616 288 0
w 1760 208 1760 288 0
w 1904 208 1904 288 0
w 2048 208 2048 288 0
