-----------------------------------------------------
----------------------------------------------------- 74165 with labelled nodes
-----------------------------------------------------

$ 1 0.000005 0.5754602676005731 24 5 50 5e-11
155 464 304 496 304 6 0
I 432 368 464 368 0 0.5 5
150 560 480 560 400 0 2 0 5
151 416 176 416 256 0 2 0 5
w 560 368 560 400 0
w 416 256 416 368 0
w 416 368 432 368 0
w 416 368 416 480 0
w 416 480 544 480 0
w 432 176 432 96 0
w 624 176 624 96 0
w 608 480 736 480 0
w 608 368 608 480 0
w 608 368 624 368 0
w 608 256 608 368 0
w 752 368 752 400 0
151 608 176 608 256 0 2 0 5
150 752 480 752 400 0 2 0 5
I 624 368 656 368 0 0.5 5
155 656 304 688 304 6 0
w 448 272 640 272 0
w 640 272 640 336 0
w 640 336 656 336 0
w 464 336 448 336 0
w 448 336 448 272 0
w 256 272 448 272 0
w 560 304 656 304 0
w 368 304 464 304 0
w 400 160 400 176 0
w 400 160 592 160 0
w 592 160 592 176 0
w 208 160 400 160 0
w 576 496 768 496 0
w 768 496 768 480 0
w 576 496 576 480 0
w 384 496 576 496 0
w 768 496 960 496 0
w 960 496 960 480 0
w 1152 496 1152 480 0
w 960 496 1152 496 0
w 592 160 784 160 0
w 976 160 976 176 0
w 784 160 976 160 0
w 784 160 784 176 0
w 752 304 848 304 0
w 944 304 1040 304 0
w 640 272 832 272 0
w 832 336 832 272 0
w 848 336 832 336 0
w 1024 336 1040 336 0
w 1024 272 1024 336 0
w 832 272 1024 272 0
155 1040 304 1072 304 6 0
I 1008 368 1040 368 0 0.5 5
150 1136 480 1136 400 0 2 0 5
151 992 176 992 256 0 2 0 5
w 1136 368 1136 400 0
w 992 256 992 368 0
w 992 368 1008 368 0
w 992 368 992 480 0
w 992 480 1120 480 0
w 1008 176 1008 96 0
w 816 176 816 96 0
w 800 480 928 480 0
w 800 368 800 480 0
w 800 368 816 368 0
w 800 256 800 368 0
w 944 368 944 400 0
151 800 176 800 256 0 2 0 5
150 944 480 944 400 0 2 0 5
I 816 368 848 368 0 0.5 5
155 848 304 880 304 6 0
155 80 304 112 304 6 0
I 48 368 80 368 0 0.5 5
150 176 480 176 400 0 2 0 5
151 32 176 32 256 0 2 0 5
w 176 368 176 400 0
w 32 256 32 368 0
w 32 368 48 368 0
w 32 368 32 480 0
w 32 480 160 480 0
w 48 176 48 96 0
w 240 176 240 96 0
w 224 480 352 480 0
w 224 368 224 480 0
w 224 368 240 368 0
w 224 256 224 368 0
w 368 368 368 400 0
151 224 176 224 256 0 2 0 5
150 368 480 368 400 0 2 0 5
I 240 368 272 368 0 0.5 5
155 272 304 304 304 6 0
w 64 272 256 272 0
w 256 272 256 336 0
w 256 336 272 336 0
w 80 336 64 336 0
w 64 336 64 272 0
w -128 272 64 272 0
w 176 304 272 304 0
w -16 304 80 304 0
w 16 160 16 176 0
w 16 160 208 160 0
w 208 160 208 176 0
w -176 160 16 160 0
w 192 496 384 496 0
w 384 496 384 480 0
w 192 496 192 480 0
w 0 496 192 496 0
w -384 496 -192 496 0
w -192 496 -192 480 0
w 0 496 0 480 0
w -192 496 0 496 0
w -400 160 -368 160 0
w -176 160 -176 176 0
w -368 160 -176 160 0
w -368 160 -368 176 0
w -208 304 -112 304 0
w -320 336 -320 272 0
w -304 336 -320 336 0
w -128 336 -112 336 0
w -128 272 -128 336 0
w -320 272 -128 272 0
155 -112 304 -80 304 6 0
I -144 368 -112 368 0 0.5 5
150 -16 480 -16 400 0 2 0 5
151 -160 176 -160 256 0 2 0 5
w -16 368 -16 400 0
w -160 256 -160 368 0
w -160 368 -144 368 0
w -160 368 -160 480 0
w -160 480 -32 480 0
w -144 176 -144 96 0
w -336 176 -336 96 0
w -352 480 -224 480 0
w -352 368 -352 480 0
w -352 368 -336 368 0
w -352 256 -352 368 0
w -208 368 -208 400 0
151 -352 176 -352 256 0 2 0 5
150 -208 480 -208 400 0 2 0 5
I -336 368 -304 368 0 0.5 5
155 -304 304 -272 304 6 0
w 1136 304 1184 304 0
w 1136 336 1184 336 0
I -464 160 -416 160 0 0.5 5
w -400 160 -416 160 0
w -400 160 -400 496 0
w -384 496 -400 496 0
w -320 336 -416 336 0
w -416 336 -416 384 0
x -548 152 -518 155 6 24 LD
x -549 296 -500 299 4 24 SER
x -550 359 -509 362 4 24 INH
x -552 395 -519 398 4 24 CK
x 1143 368 1179 371 6 24 QH
x 1135 291 1171 294 4 24 QH
152 -496 384 -432 384 0 2 0 5
w -432 384 -416 384 0
x 62 125 79 128 4 24 C
x 442 122 458 125 4 24 E
x 249 121 266 124 4 24 D
x 632 124 646 127 4 24 F
x -134 124 -118 127 4 24 B
x -325 126 -309 129 4 24 A
x 826 123 844 126 4 24 G
x 1020 129 1037 132 4 24 H
w -464 160 -560 160 0
w -496 400 -560 400 0
w -496 368 -560 368 0
w -304 304 -560 304 0
x -472 126 -384 129 4 32 74165
b -560 96 1183 533 0
207 -336 96 -336 48 4 A
207 -144 96 -144 48 4 B
207 48 96 48 48 4 C
207 240 96 240 48 4 D
207 432 96 432 48 4 E
207 624 96 624 48 4 F
207 816 96 816 48 4 G
207 1008 96 1008 48 4 H
207 1184 304 1232 304 4 QH
207 1184 336 1232 336 4 /QH
207 -560 400 -608 400 4 CK
207 -560 368 -608 368 4 INH
207 -560 304 -608 304 4 SER
207 -560 160 -608 160 4 /LD


-----------------------------------------------------
----------------------------------------------------- 74165 with labelled nodes and subcircuit
-----------------------------------------------------

$ 1 0.000005 0.5754602676005731 24 5 50 5e-11
155 464 304 496 304 6 0
I 432 368 464 368 0 0.5 5
150 560 480 560 400 0 2 5 5
151 416 176 416 256 0 2 5 5
w 560 368 560 400 0
w 416 256 416 368 0
w 416 368 432 368 0
w 416 368 416 480 0
w 416 480 544 480 0
w 432 176 432 96 0
w 624 176 624 96 0
w 608 480 736 480 0
w 608 368 608 480 0
w 608 368 624 368 0
w 608 256 608 368 0
w 752 368 752 400 0
151 608 176 608 256 0 2 5 5
150 752 480 752 400 0 2 5 5
I 624 368 656 368 0 0.5 5
155 656 304 688 304 6 0
w 448 272 640 272 0
w 640 272 640 336 0
w 640 336 656 336 0
w 464 336 448 336 0
w 448 336 448 272 0
w 256 272 448 272 0
w 560 304 656 304 0
w 368 304 464 304 0
w 400 160 400 176 0
w 400 160 592 160 0
w 592 160 592 176 0
w 208 160 400 160 0
w 576 496 768 496 0
w 768 496 768 480 0
w 576 496 576 480 0
w 384 496 576 496 0
w 768 496 960 496 0
w 960 496 960 480 0
w 1152 496 1152 480 0
w 960 496 1152 496 0
w 592 160 784 160 0
w 976 160 976 176 0
w 784 160 976 160 0
w 784 160 784 176 0
w 752 304 848 304 0
w 944 304 1040 304 0
w 640 272 832 272 0
w 832 336 832 272 0
w 848 336 832 336 0
w 1024 336 1040 336 0
w 1024 272 1024 336 0
w 832 272 1024 272 0
155 1040 304 1072 304 6 0
I 1008 368 1040 368 0 0.5 5
150 1136 480 1136 400 0 2 5 5
151 992 176 992 256 0 2 5 5
w 1136 368 1136 400 0
w 992 256 992 368 0
w 992 368 1008 368 0
w 992 368 992 480 0
w 992 480 1120 480 0
w 1008 176 1008 96 0
w 816 176 816 96 0
w 800 480 928 480 0
w 800 368 800 480 0
w 800 368 816 368 0
w 800 256 800 368 0
w 944 368 944 400 0
151 800 176 800 256 0 2 5 5
150 944 480 944 400 0 2 5 5
I 816 368 848 368 0 0.5 5
155 848 304 880 304 6 0
155 80 304 112 304 6 0
I 48 368 80 368 0 0.5 5
150 176 480 176 400 0 2 5 5
151 32 176 32 256 0 2 5 5
w 176 368 176 400 0
w 32 256 32 368 0
w 32 368 48 368 0
w 32 368 32 480 0
w 32 480 160 480 0
w 48 176 48 96 0
w 240 176 240 96 0
w 224 480 352 480 0
w 224 368 224 480 0
w 224 368 240 368 0
w 224 256 224 368 0
w 368 368 368 400 0
151 224 176 224 256 0 2 5 5
150 368 480 368 400 0 2 5 5
I 240 368 272 368 0 0.5 5
155 272 304 304 304 6 0
w 64 272 256 272 0
w 256 272 256 336 0
w 256 336 272 336 0
w 80 336 64 336 0
w 64 336 64 272 0
w -128 272 64 272 0
w 176 304 272 304 0
w -16 304 80 304 0
w 16 160 16 176 0
w 16 160 208 160 0
w 208 160 208 176 0
w -176 160 16 160 0
w 192 496 384 496 0
w 384 496 384 480 0
w 192 496 192 480 0
w 0 496 192 496 0
w -384 496 -192 496 0
w -192 496 -192 480 0
w 0 496 0 480 0
w -192 496 0 496 0
w -400 160 -368 160 0
w -176 160 -176 176 0
w -368 160 -176 160 0
w -368 160 -368 176 0
w -208 304 -112 304 0
w -320 336 -320 272 0
w -304 336 -320 336 0
w -128 336 -112 336 0
w -128 272 -128 336 0
w -320 272 -128 272 0
155 -112 304 -80 304 6 0
I -144 368 -112 368 0 0.5 5
150 -16 480 -16 400 0 2 5 5
151 -160 176 -160 256 0 2 5 5
w -16 368 -16 400 0
w -160 256 -160 368 0
w -160 368 -144 368 0
w -160 368 -160 480 0
w -160 480 -32 480 0
w -144 176 -144 96 0
w -336 176 -336 96 0
w -352 480 -224 480 0
w -352 368 -352 480 0
w -352 368 -336 368 0
w -352 256 -352 368 0
w -208 368 -208 400 0
151 -352 176 -352 256 0 2 5 5
150 -208 480 -208 400 0 2 5 5
I -336 368 -304 368 0 0.5 5
155 -304 304 -272 304 6 0
w 1136 304 1184 304 0
w 1136 336 1184 336 0
I -464 160 -416 160 0 0.5 5
w -400 160 -416 160 0
w -400 160 -400 496 0
w -384 496 -400 496 0
w -320 336 -416 336 0
w -416 336 -416 384 0
x -548 152 -518 155 6 24 LD
x -549 296 -500 299 4 24 SER
x -550 359 -509 362 4 24 INH
x -552 395 -519 398 4 24 CK
x 1143 368 1179 371 6 24 QH
x 1135 291 1171 294 4 24 QH
152 -496 384 -432 384 0 2 0 5
w -432 384 -416 384 0
x 62 125 79 128 4 24 C
x 442 122 458 125 4 24 E
x 249 121 266 124 4 24 D
x 632 124 646 127 4 24 F
x -134 124 -118 127 4 24 B
x -325 126 -309 129 4 24 A
x 826 123 844 126 4 24 G
x 1020 129 1037 132 4 24 H
w -464 160 -560 160 0
w -496 400 -560 400 0
w -496 368 -560 368 0
w -304 304 -560 304 0
x -472 126 -384 129 4 32 74165
b -560 96 1183 533 0
207 -336 96 -336 48 4 A
207 -144 96 -144 48 4 B
207 48 96 48 48 4 C
207 240 96 240 48 4 D
207 432 96 432 48 4 E
207 624 96 624 48 4 F
207 816 96 816 48 4 G
207 1008 96 1008 48 4 H
207 1184 304 1232 304 4 QH
207 1184 336 1232 336 4 /QH
207 -560 400 -608 400 4 CK
207 -560 368 -608 368 4 INH
207 -560 304 -608 304 4 SER
207 -560 160 -608 160 4 /LD
. 74165 0 4 9 14 /LD 52 3 0 /QH 18 2 3 A 46 1 2 B 45 2 2 C 34 3 2 CK 53 1 0 D 35 4 2 E 9 5 2 F 10 6 2 G 23 7 2 H 22 8 2 INH 54 2 0 QH 17 1 3 SER 50 0 0 DFlipFlopElm\s1\s2\s3\s4\s5\s6\rInverterElm\s7\s6\rAndGateElm\s8\s7\s5\rNandGateElm\s8\s9\s7\rNandGateElm\s8\s10\s11\rAndGateElm\s8\s11\s12\rInverterElm\s11\s13\rDFlipFlopElm\s2\s14\s15\s4\s12\s13\rDFlipFlopElm\s16\s17\s18\s4\s19\s20\rInverterElm\s21\s20\rAndGateElm\s8\s21\s19\rNandGateElm\s8\s22\s21\rNandGateElm\s8\s23\s24\rAndGateElm\s8\s24\s25\rInverterElm\s24\s26\rDFlipFlopElm\s14\s16\s27\s4\s25\s26\rDFlipFlopElm\s28\s29\s30\s4\s31\s32\rInverterElm\s33\s32\rAndGateElm\s8\s33\s31\rNandGateElm\s8\s34\s33\rNandGateElm\s8\s35\s36\rAndGateElm\s8\s36\s37\rInverterElm\s36\s38\rDFlipFlopElm\s29\s1\s39\s4\s37\s38\rDFlipFlopElm\s40\s28\s41\s4\s42\s43\rInverterElm\s44\s43\rAndGateElm\s8\s44\s42\rNandGateElm\s8\s45\s44\rNandGateElm\s8\s46\s47\rAndGateElm\s8\s47\s48\rInverterElm\s47\s49\rDFlipFlopElm\s50\s40\s51\s4\s48\s49\rInverterElm\s52\s8\rOrGateElm\s53\s54\s4 6\\s0\s0\\s0.5\\s5\s0\\s2\\s5\\s5\s0\\s2\\s5\\s5\s0\\s2\\s5\\s5\s0\\s2\\s5\\s5\s0\\s0.5\\s5\s6\\s0\s6\\s0\s0\\s0.5\\s5\s0\\s2\\s5\\s5\s0\\s2\\s5\\s5\s0\\s2\\s5\\s5\s0\\s2\\s5\\s5\s0\\s0.5\\s5\s6\\s0\s6\\s0\s0\\s0.5\\s5\s0\\s2\\s5\\s5\s0\\s2\\s5\\s5\s0\\s2\\s5\\s5\s0\\s2\\s5\\s5\s0\\s0.5\\s5\s6\\s0\s6\\s0\s0\\s0.5\\s5\s0\\s2\\s5\\s5\s0\\s2\\s5\\s5\s0\\s2\\s5\\s5\s0\\s2\\s5\\s5\s0\\s0.5\\s5\s6\\s0\s0\\s0.5\\s5\s0\\s2\\s0\\s5
410 -832 160 -784 288 1 74165 6\s0 0\s0.5\s5 0\s2\s5\s5 0\s2\s5\s5 0\s2\s5\s5 0\s2\s5\s5 0\s0.5\s5 6\s0 6\s0 0\s0.5\s5 0\s2\s5\s5 0\s2\s5\s5 0\s2\s5\s5 0\s2\s5\s5 0\s0.5\s5 6\s0 6\s0 0\s0.5\s5 0\s2\s5\s5 0\s2\s5\s5 0\s2\s5\s5 0\s2\s5\s5 0\s0.5\s5 6\s0 6\s0 0\s0.5\s5 0\s2\s5\s5 0\s2\s5\s5 0\s2\s5\s5 0\s2\s5\s5 0\s0.5\s5 6\s0 0\s0.5\s5 0\s2\s0\s5


-----------------------------------------------------
----------------------------------------------------- 74393 with labelled nodes
-----------------------------------------------------

$ 1 0.000005 10.20027730826997 50 5 50 5e-11
x 460 367 526 370 4 24 74393
I 400 400 448 400 0 0.5 5
w 448 496 352 496 0
164 448 400 464 400 0 4 0 0 0 0 false 0
w 400 400 352 400 0
x 358 394 393 397 6 18 1CP
x 359 490 397 493 4 18 1MR
x 544 394 578 397 4 18 1Q3
x 544 425 578 428 4 18 1Q2
x 545 457 579 460 4 18 1Q1
x 544 489 578 492 4 18 1Q0
w 544 400 592 400 0
w 544 432 592 432 0
w 544 464 592 464 0
w 544 496 592 496 0
w 544 640 592 640 0
w 544 608 592 608 0
w 544 576 592 576 0
w 544 544 592 544 0
x 544 633 578 636 4 18 2Q0
x 545 601 579 604 4 18 2Q1
x 544 569 578 572 4 18 2Q2
x 544 538 578 541 4 18 2Q3
x 358 633 396 636 4 18 2MR
x 362 539 397 542 6 18 2CP
w 400 544 352 544 0
164 448 544 464 544 0 4 0 0 0 0 false 0
w 448 640 352 640 0
I 400 544 448 544 0 0.5 5
b 352 336 592 670 0
207 352 400 320 400 4 /1CP
207 352 496 320 496 4 1MR
207 352 544 320 544 4 /2CP
207 352 640 320 640 4 2MR
207 592 400 624 400 4 1Q3
207 592 432 624 432 4 1Q2
207 592 464 624 464 4 1Q1
207 592 496 624 496 4 1Q0
207 592 544 624 544 4 2Q3
207 592 576 624 576 4 2Q2
207 592 608 624 608 4 2Q1
207 592 640 624 640 4 2Q0


-----------------------------------------------------
----------------------------------------------------- 74393 with labelled nodes and subcircuit
-----------------------------------------------------

$ 1 0.000005 10.20027730826997 50 5 50 5e-11
x 460 367 526 370 4 24 74393
I 400 400 448 400 0 0.5 5
w 448 496 352 496 0
164 448 400 464 400 0 4 0 0 0 0 false 0
w 400 400 352 400 0
x 358 394 393 397 6 18 1CP
x 359 490 397 493 4 18 1MR
x 544 394 578 397 4 18 1Q3
x 544 425 578 428 4 18 1Q2
x 545 457 579 460 4 18 1Q1
x 544 489 578 492 4 18 1Q0
w 544 400 592 400 0
w 544 432 592 432 0
w 544 464 592 464 0
w 544 496 592 496 0
w 544 640 592 640 0
w 544 608 592 608 0
w 544 576 592 576 0
w 544 544 592 544 0
x 544 633 578 636 4 18 2Q0
x 545 601 579 604 4 18 2Q1
x 544 569 578 572 4 18 2Q2
x 544 538 578 541 4 18 2Q3
x 358 633 396 636 4 18 2MR
x 362 539 397 542 6 18 2CP
w 400 544 352 544 0
164 448 544 464 544 0 4 0 0 0 0 false 0
w 448 640 352 640 0
I 400 544 448 544 0 0.5 5
b 352 336 592 670 0
207 352 400 320 400 4 /1CP
207 352 496 320 496 4 1MR
207 352 544 320 544 4 /2CP
207 352 640 320 640 4 2MR
207 592 400 624 400 4 1Q3
207 592 432 624 432 4 1Q2
207 592 464 624 464 4 1Q1
207 592 496 624 496 4 1Q0
207 592 544 624 544 4 2Q3
207 592 576 624 576 4 2Q2
207 592 608 624 608 4 2Q1
207 592 640 624 640 4 2Q0
. 74393 0 3 9 12 /1CP 1 1 2 /2CP 12 6 2 1MR 3 2 2 1Q0 7 0 3 1Q1 6 1 3 1Q2 5 2 3 1Q3 4 3 3 2MR 14 7 2 2Q0 8 5 3 2Q1 9 6 3 2Q2 10 7 3 2Q3 11 8 3 InverterElm\s1\s2\rCounterElm\s2\s3\s4\s5\s6\s7\rCounterElm\s13\s14\s11\s10\s9\s8\rInverterElm\s12\s13 0\\s0.5\\s5\s0\\s4\\s0\\s0\\s0\\s0\\sfalse\\s0\s0\\s4\\s0\\s0\\s0\\s0\\sfalse\\s0\s0\\s0.5\\s5
410 144 368 96 400 1 74393 0\s0.5\s5 0\s4\s0\s0\s0\s0\sfalse\s0 0\s4\s0\s0\s0\s0\sfalse\s0 0\s0.5\s5

-----------------------------------------------------
----------------------------------------------------- 74595 with labelled nodes
-----------------------------------------------------

$ 1 0.000005 0.5754602676005731 24 5 50 5e-11
w 880 -160 768 -160 0
b 2160 284 768 -229 0
w 880 128 768 128 0
w 832 224 768 224 0
w 816 -16 768 -16 0
w 880 -160 928 -160 0
x 850 -200 916 -197 4 24 74595
w 2032 -160 2048 -160 0
w 2048 -160 2048 16 0
! DLatch 0 D,clk Q DLatch 0\p\s?\q0\n1\p\s?\q1\n??\sA\qA\n
208 1936 64 1968 64 0 DLatch 0
w 1936 64 1936 16 0
w 1936 16 2048 16 0
w 2032 64 2048 64 0
w 2048 64 2048 144 0
w 1936 96 1936 128 0
w 1936 128 1792 128 0
w 2000 176 2000 224 0
w 2032 176 2000 176 0
180 2048 144 2048 208 0 0.1 10000000000
w 2000 224 1856 224 0
x 2003 271 2035 274 4 24 Q7
x 1859 271 1891 274 4 24 Q6
x 1715 274 1747 277 4 24 Q5
x 1572 275 1604 278 4 24 Q4
x 1428 275 1460 278 4 24 Q3
x 1284 277 1316 280 4 24 Q2
x 1142 278 1174 281 4 24 Q1
x 997 279 1029 282 4 24 Q0
x 2095 -171 2143 -168 4 24 Q7S
I 832 224 912 224 0 0.5 5
x 795 216 829 219 6 24 OE
x 792 121 856 124 4 24 STCP
w 992 224 912 224 0
w 1136 224 992 224 0
w 1280 224 1136 224 0
w 1424 224 1280 224 0
w 1568 224 1424 224 0
w 1712 224 1568 224 0
w 1856 224 1712 224 0
180 1904 144 1904 208 0 0.1 10000000000
w 1888 176 1856 176 0
w 1856 176 1856 224 0
180 1760 144 1760 208 0 0.1 10000000000
w 1744 176 1712 176 0
w 1712 176 1712 224 0
180 1616 144 1616 208 0 0.1 10000000000
w 1600 176 1568 176 0
w 1568 176 1568 224 0
180 1472 144 1472 208 0 0.1 10000000000
w 1456 176 1424 176 0
w 1424 176 1424 224 0
180 1328 144 1328 208 0 0.1 10000000000
w 1312 176 1280 176 0
w 1280 176 1280 224 0
180 1184 144 1184 208 0 0.1 10000000000
w 1168 176 1136 176 0
w 1136 176 1136 224 0
w 992 176 992 224 0
w 1024 176 992 176 0
180 1040 144 1040 208 0 0.1 1000000000000
w 880 128 928 128 0
w 1792 128 1648 128 0
w 1792 96 1792 128 0
w 1904 64 1904 144 0
w 1888 64 1904 64 0
w 1792 16 1904 16 0
w 1792 64 1792 16 0
208 1792 64 1824 64 0 DLatch 0
w 1648 128 1504 128 0
w 1648 96 1648 128 0
w 1760 64 1760 144 0
w 1744 64 1760 64 0
w 1648 16 1760 16 0
w 1648 64 1648 16 0
208 1648 64 1680 64 0 DLatch 0
w 1504 128 1360 128 0
w 1504 96 1504 128 0
w 1616 64 1616 144 0
w 1600 64 1616 64 0
w 1504 16 1616 16 0
w 1504 64 1504 16 0
208 1504 64 1536 64 0 DLatch 0
w 1216 128 1072 128 0
w 1216 96 1216 128 0
w 1328 64 1328 144 0
w 1312 64 1328 64 0
w 1216 16 1328 16 0
w 1216 64 1216 16 0
208 1216 64 1248 64 0 DLatch 0
208 1360 64 1392 64 0 DLatch 0
w 1360 64 1360 16 0
w 1360 16 1472 16 0
w 1456 64 1472 64 0
w 1472 64 1472 144 0
w 1360 96 1360 128 0
w 1360 128 1216 128 0
w 1072 128 928 128 0
w 1072 96 1072 128 0
w 1184 64 1184 144 0
w 1168 64 1184 64 0
w 1072 16 1184 16 0
w 1072 64 1072 16 0
208 1072 64 1104 64 0 DLatch 0
x 795 -23 832 -20 6 24 MR
I 816 -16 912 -16 0 0.5 5
w 1072 -16 928 -16 0
w 1216 -16 1072 -16 0
w 1360 -16 1216 -16 0
w 1504 -16 1360 -16 0
w 1648 -16 1504 -16 0
w 1792 -16 1648 -16 0
w 1936 -16 1792 -16 0
w 1936 -96 1936 -16 0
w 1792 -96 1792 -16 0
w 1648 -96 1648 -16 0
w 1504 -96 1504 -16 0
w 1360 -96 1360 -16 0
w 1216 -96 1216 -16 0
w 1072 -96 1072 -16 0
w 928 -16 912 -16 0
w 928 -96 928 -16 0
w 1040 64 1040 144 0
w 1024 64 1040 64 0
w 928 96 928 128 0
w 928 16 928 64 0
w 1040 16 928 16 0
w 1600 -160 1616 -160 0
208 928 64 960 48 0 DLatch 0
w 1920 -128 1936 -128 0
w 1888 -160 1904 -160 0
w 1904 -160 1904 16 0
w 1904 -160 1936 -160 0
w 1920 -64 1776 -64 0
w 1920 -128 1920 -64 0
155 1936 -160 1968 -160 2 0
w 1776 -128 1792 -128 0
w 1744 -160 1760 -160 0
w 1760 -160 1760 16 0
w 1760 -160 1792 -160 0
w 1776 -64 1632 -64 0
w 1776 -128 1776 -64 0
155 1792 -160 1824 -160 2 0
155 1648 -160 1680 -160 2 0
w 1632 -128 1632 -64 0
w 1632 -64 1488 -64 0
w 1616 -160 1648 -160 0
w 1616 -160 1616 16 0
w 1632 -128 1648 -128 0
155 1504 -160 1536 -160 2 0
w 1488 -128 1488 -64 0
w 1488 -64 1344 -64 0
w 1472 -160 1504 -160 0
w 1472 -160 1472 16 0
w 1456 -160 1472 -160 0
w 1488 -128 1504 -128 0
155 1360 -160 1392 -160 2 0
w 1344 -128 1344 -64 0
w 1344 -64 1200 -64 0
w 1328 -160 1360 -160 0
w 1328 -160 1328 16 0
w 1312 -160 1328 -160 0
w 1344 -128 1360 -128 0
w 1200 -128 1216 -128 0
w 1168 -160 1184 -160 0
w 1056 -128 1072 -128 0
w 1040 -160 1072 -160 0
w 928 -128 912 -128 0
x 793 -75 859 -72 4 24 SHCP
x 795 -168 828 -165 4 24 DS
w 1184 -160 1184 16 0
w 1184 -160 1216 -160 0
w 1040 -160 1040 16 0
w 1024 -160 1040 -160 0
w 912 -64 768 -64 0
w 1056 -64 912 -64 0
w 1200 -64 1056 -64 0
w 912 -128 912 -64 0
w 1200 -128 1200 -64 0
w 1056 -128 1056 -64 0
155 928 -160 944 -160 2 0
155 1072 -160 1104 -160 2 0
155 1216 -160 1248 -160 2 0
w 1040 208 1040 288 0
w 1184 208 1184 288 0
w 1328 208 1328 288 0
w 1472 208 1472 288 0
w 1616 208 1616 288 0
w 1760 208 1760 288 0
w 1904 208 1904 288 0
w 2048 208 2048 288 0
207 768 -160 720 -160 4 DS
207 768 -64 720 -64 4 SHCP
207 768 -16 720 -16 4 /MR
207 768 128 720 128 4 STCP
207 768 224 720 224 4 /OE
207 1040 288 1040 336 4 Q0
207 1184 288 1184 336 4 Q1
207 1328 288 1328 336 4 Q2
207 1472 288 1472 336 4 Q3
207 1616 288 1616 336 4 Q4
207 1760 288 1760 336 4 Q5
207 1904 288 1904 336 4 Q6
207 2048 288 2048 336 4 Q7
w 2048 -160 2160 -160 0
207 2160 -160 2208 -160 4 Q7S


-----------------------------------------------------
----------------------------------------------------- 74595 with labelled nodes and subcircuit
-----------------------------------------------------

$ 1 0.000005 0.5754602676005731 24 5 50 5e-11
w 880 -160 768 -160 0
b 2160 284 768 -229 0
w 880 128 768 128 0
w 832 224 768 224 0
w 816 -16 768 -16 0
w 880 -160 928 -160 0
x 850 -200 916 -197 4 24 74595
w 2032 -160 2048 -160 0
w 2048 -160 2048 16 0
! DLatch 0 D,clk Q DLatch 0\p\s?\q0\n1\p\s?\q1\n??\sA\qA\n
208 1936 64 1968 64 0 DLatch 0
w 1936 64 1936 16 0
w 1936 16 2048 16 0
w 2032 64 2048 64 0
w 2048 64 2048 144 0
w 1936 96 1936 128 0
w 1936 128 1792 128 0
w 2000 176 2000 224 0
w 2032 176 2000 176 0
180 2048 144 2048 208 0 0.1 10000000000
w 2000 224 1856 224 0
x 2003 271 2035 274 4 24 Q7
x 1859 271 1891 274 4 24 Q6
x 1715 274 1747 277 4 24 Q5
x 1572 275 1604 278 4 24 Q4
x 1428 275 1460 278 4 24 Q3
x 1284 277 1316 280 4 24 Q2
x 1142 278 1174 281 4 24 Q1
x 997 279 1029 282 4 24 Q0
x 2095 -171 2143 -168 4 24 Q7S
I 832 224 912 224 0 0.5 5
x 795 216 829 219 6 24 OE
x 792 121 856 124 4 24 STCP
w 992 224 912 224 0
w 1136 224 992 224 0
w 1280 224 1136 224 0
w 1424 224 1280 224 0
w 1568 224 1424 224 0
w 1712 224 1568 224 0
w 1856 224 1712 224 0
180 1904 144 1904 208 0 0.1 10000000000
w 1888 176 1856 176 0
w 1856 176 1856 224 0
180 1760 144 1760 208 0 0.1 10000000000
w 1744 176 1712 176 0
w 1712 176 1712 224 0
180 1616 144 1616 208 0 0.1 10000000000
w 1600 176 1568 176 0
w 1568 176 1568 224 0
180 1472 144 1472 208 0 0.1 10000000000
w 1456 176 1424 176 0
w 1424 176 1424 224 0
180 1328 144 1328 208 0 0.1 10000000000
w 1312 176 1280 176 0
w 1280 176 1280 224 0
180 1184 144 1184 208 0 0.1 10000000000
w 1168 176 1136 176 0
w 1136 176 1136 224 0
w 992 176 992 224 0
w 1024 176 992 176 0
180 1040 144 1040 208 0 0.1 1000000000000
w 880 128 928 128 0
w 1792 128 1648 128 0
w 1792 96 1792 128 0
w 1904 64 1904 144 0
w 1888 64 1904 64 0
w 1792 16 1904 16 0
w 1792 64 1792 16 0
208 1792 64 1824 64 0 DLatch 0
w 1648 128 1504 128 0
w 1648 96 1648 128 0
w 1760 64 1760 144 0
w 1744 64 1760 64 0
w 1648 16 1760 16 0
w 1648 64 1648 16 0
208 1648 64 1680 64 0 DLatch 0
w 1504 128 1360 128 0
w 1504 96 1504 128 0
w 1616 64 1616 144 0
w 1600 64 1616 64 0
w 1504 16 1616 16 0
w 1504 64 1504 16 0
208 1504 64 1536 64 0 DLatch 0
w 1216 128 1072 128 0
w 1216 96 1216 128 0
w 1328 64 1328 144 0
w 1312 64 1328 64 0
w 1216 16 1328 16 0
w 1216 64 1216 16 0
208 1216 64 1248 64 0 DLatch 0
208 1360 64 1392 64 0 DLatch 0
w 1360 64 1360 16 0
w 1360 16 1472 16 0
w 1456 64 1472 64 0
w 1472 64 1472 144 0
w 1360 96 1360 128 0
w 1360 128 1216 128 0
w 1072 128 928 128 0
w 1072 96 1072 128 0
w 1184 64 1184 144 0
w 1168 64 1184 64 0
w 1072 16 1184 16 0
w 1072 64 1072 16 0
208 1072 64 1104 64 0 DLatch 0
x 795 -23 832 -20 6 24 MR
I 816 -16 912 -16 0 0.5 5
w 1072 -16 928 -16 0
w 1216 -16 1072 -16 0
w 1360 -16 1216 -16 0
w 1504 -16 1360 -16 0
w 1648 -16 1504 -16 0
w 1792 -16 1648 -16 0
w 1936 -16 1792 -16 0
w 1936 -96 1936 -16 0
w 1792 -96 1792 -16 0
w 1648 -96 1648 -16 0
w 1504 -96 1504 -16 0
w 1360 -96 1360 -16 0
w 1216 -96 1216 -16 0
w 1072 -96 1072 -16 0
w 928 -16 912 -16 0
w 928 -96 928 -16 0
w 1040 64 1040 144 0
w 1024 64 1040 64 0
w 928 96 928 128 0
w 928 16 928 64 0
w 1040 16 928 16 0
w 1600 -160 1616 -160 0
208 928 64 960 48 0 DLatch 0
w 1920 -128 1936 -128 0
w 1888 -160 1904 -160 0
w 1904 -160 1904 16 0
w 1904 -160 1936 -160 0
w 1920 -64 1776 -64 0
w 1920 -128 1920 -64 0
155 1936 -160 1968 -160 2 0
w 1776 -128 1792 -128 0
w 1744 -160 1760 -160 0
w 1760 -160 1760 16 0
w 1760 -160 1792 -160 0
w 1776 -64 1632 -64 0
w 1776 -128 1776 -64 0
155 1792 -160 1824 -160 2 0
155 1648 -160 1680 -160 2 0
w 1632 -128 1632 -64 0
w 1632 -64 1488 -64 0
w 1616 -160 1648 -160 0
w 1616 -160 1616 16 0
w 1632 -128 1648 -128 0
155 1504 -160 1536 -160 2 0
w 1488 -128 1488 -64 0
w 1488 -64 1344 -64 0
w 1472 -160 1504 -160 0
w 1472 -160 1472 16 0
w 1456 -160 1472 -160 0
w 1488 -128 1504 -128 0
155 1360 -160 1392 -160 2 0
w 1344 -128 1344 -64 0
w 1344 -64 1200 -64 0
w 1328 -160 1360 -160 0
w 1328 -160 1328 16 0
w 1312 -160 1328 -160 0
w 1344 -128 1360 -128 0
w 1200 -128 1216 -128 0
w 1168 -160 1184 -160 0
w 1056 -128 1072 -128 0
w 1040 -160 1072 -160 0
w 928 -128 912 -128 0
x 793 -75 859 -72 4 24 SHCP
x 795 -168 828 -165 4 24 DS
w 1184 -160 1184 16 0
w 1184 -160 1216 -160 0
w 1040 -160 1040 16 0
w 1024 -160 1040 -160 0
w 912 -64 768 -64 0
w 1056 -64 912 -64 0
w 1200 -64 1056 -64 0
w 912 -128 912 -64 0
w 1200 -128 1200 -64 0
w 1056 -128 1056 -64 0
155 928 -160 944 -160 2 0
155 1072 -160 1104 -160 2 0
155 1216 -160 1248 -160 2 0
w 1040 208 1040 288 0
w 1184 208 1184 288 0
w 1328 208 1328 288 0
w 1472 208 1472 288 0
w 1616 208 1616 288 0
w 1760 208 1760 288 0
w 1904 208 1904 288 0
w 2048 208 2048 288 0
207 768 -160 720 -160 4 DS
207 768 -64 720 -64 4 SHCP
207 768 -16 720 -16 4 /MR
207 768 128 720 128 4 STCP
207 768 224 720 224 4 /OE
207 1040 288 1040 336 4 Q0
207 1184 288 1184 336 4 Q1
207 1328 288 1328 336 4 Q2
207 1472 288 1472 336 4 Q3
207 1616 288 1616 336 4 Q4
207 1760 288 1760 336 4 Q5
207 1904 288 1904 336 4 Q6
207 2048 288 2048 336 4 Q7
w 2048 -160 2160 -160 0
207 2160 -160 2208 -160 4 Q7S
. 74595 0 3 10 14 /MR 4 4 2 /OE 3 5 2 DS 1 0 2 Q0 29 2 3 Q1 26 3 3 Q2 23 4 3 Q3 20 5 3 Q4 17 6 3 Q5 14 7 3 Q6 11 8 3 Q7 8 9 3 Q7S 5 0 3 SHCP 39 1 2 STCP 2 2 2 CustomLogicElm\s5\s2\s6\rTriStateElm\s6\s8\s7\rInverterElm\s3\s7\rTriStateElm\s10\s11\s7\rTriStateElm\s13\s14\s7\rTriStateElm\s16\s17\s7\rTriStateElm\s19\s20\s7\rTriStateElm\s22\s23\s7\rTriStateElm\s25\s26\s7\rTriStateElm\s28\s29\s7\rCustomLogicElm\s31\s2\s10\rCustomLogicElm\s32\s2\s13\rCustomLogicElm\s33\s2\s16\rCustomLogicElm\s34\s2\s22\rCustomLogicElm\s35\s2\s19\rCustomLogicElm\s36\s2\s25\rInverterElm\s4\s37\rCustomLogicElm\s38\s2\s28\rDFlipFlopElm\s31\s5\s40\s39\s37\rDFlipFlopElm\s32\s31\s41\s39\s37\rDFlipFlopElm\s33\s32\s42\s39\s37\rDFlipFlopElm\s35\s33\s43\s39\s37\rDFlipFlopElm\s34\s35\s44\s39\s37\rDFlipFlopElm\s1\s38\s45\s39\s37\rDFlipFlopElm\s38\s36\s46\s39\s37\rDFlipFlopElm\s36\s34\s47\s39\s37 0\\sDLatch\\s0\s0\\s0.1\\s10000000000\s0\\s0.5\\s5\s0\\s0.1\\s10000000000\s0\\s0.1\\s10000000000\s0\\s0.1\\s10000000000\s0\\s0.1\\s10000000000\s0\\s0.1\\s10000000000\s0\\s0.1\\s10000000000\s0\\s0.1\\s1000000000000\s0\\sDLatch\\s0\s0\\sDLatch\\s0\s0\\sDLatch\\s0\s0\\sDLatch\\s0\s0\\sDLatch\\s0\s0\\sDLatch\\s0\s0\\s0.5\\s5\s0\\sDLatch\\s0\s2\\s0\s2\\s0\s2\\s0\s2\\s0\s2\\s0\s2\\s0\s2\\s0\s2\\s0
410 464 -128 544 128 1 74595 0\sDLatch\s0 0\s0.1\s10000000000 0\s0.5\s5 0\s0.1\s10000000000 0\s0.1\s10000000000 0\s0.1\s10000000000 0\s0.1\s10000000000 0\s0.1\s10000000000 0\s0.1\s10000000000 0\s0.1\s1000000000000 0\sDLatch\s0 0\sDLatch\s0 0\sDLatch\s0 0\sDLatch\s0 0\sDLatch\s0 0\sDLatch\s0 0\s0.5\s5 0\sDLatch\s0 2\s0 2\s0 2\s0 2\s0 2\s0 2\s0 2\s0 2\s0



-------------------------------
------------------------------- Schematics without submodules
-------------------------------

$ 65 8.138020833333e-7 382.76258214399064 9 5 50 5e-11
x 1144 271 1210 274 4 24 74595
x 440 343 506 346 4 24 74393
w 368 528 368 672 0
w 368 672 560 672 0
w 560 672 560 432 0
151 608 544 672 544 0 2 0 5
w 592 624 592 560 0
w 592 560 608 560 0
151 752 656 816 656 0 2 0 5
I 672 544 720 544 0 0.5 5
w 736 544 736 640 0
w 736 640 752 640 0
151 848 624 912 624 0 2 0 5
151 848 512 912 512 0 2 0 5
w 912 512 928 512 0
w 928 512 928 544 0
w 912 624 928 624 0
w 928 624 928 592 0
w 928 592 896 560 0
w 928 544 896 576 0
w 896 576 832 576 0
w 832 576 832 608 0
w 832 608 848 608 0
w 896 560 832 560 0
w 832 560 832 528 0
w 832 528 848 528 0
w 832 656 832 640 0
w 832 640 848 640 0
w 928 624 928 704 0
w 400 704 400 560 0
w 1104 304 608 304 0
w 608 496 608 304 0
w 608 304 512 304 0
w 560 432 560 336 0
w 560 336 1104 336 0
w 544 624 592 624 0
w 544 528 608 528 0
w 848 496 608 496 0
w 928 704 400 704 0
w 752 672 560 672 0
w 816 656 832 656 0
w 928 368 1104 368 0
R 80 368 32 368 0 2 38400 2.5 2.5 0 0.5
162 928 512 976 512 2 default-led 1 0 0 0.01
164 80 368 96 368 0 10 0 0 0 0 0 0 0 0 0 0 false 0
g 80 656 64 656 0 0
! default 0 A9,A8,A7,A6,A5,A4,A3,A2,A1,A0 C,TX Bit\sgenerator 0000000000\s\q\s0\s1\n0000000001\s\q\s1\s1\n0000000010\s\q\s0\s1\n0000000011\s\q\s1\s1\n0000000100\s\q\s0\s1\n0000000101\s\q\s1\s1\n0000000110\s\q\s0\s0\n0000000111\s\q\s1\s0\n0000001000\s\q\s0\s0\n0000001001\s\q\s1\s0\n0000001010\s\q\s0\s0\n0000001011\s\q\s1\s0\n0000001100\s\q\s0\s0\n0000001101\s\q\s1\s0\n0000001110\s\q\s0\s0\n0000001111\s\q\s1\s0\n0000010000\s\q\s0\s0\n0000010001\s\q\s1\s0\n0000010010\s\q\s0\s0\n0000010011\s\q\s1\s0\n0000010100\s\q\s0\s0\n0000010101\s\q\s1\s0\n0000010110\s\q\s0\s0\n0000010111\s\q\s1\s0\n0000011000\s\q\s0\s0\n0000011001\s\q\s1\s0\n0000011010\s\q\s0\s0\n0000011011\s\q\s1\s0\n0000011100\s\q\s0\s0\n0000011101\s\q\s1\s0\n0000011110\s\q\s0\s0\n0000011111\s\q\s1\s0\n0000100000\s\q\s0\s0\n0000100001\s\q\s1\s0\n0000100010\s\q\s0\s0\n0000100011\s\q\s1\s0\n0000100100\s\q\s0\s0\n0000100101\s\q\s1\s0\n0000100110\s\q\s0\s1\n0000100111\s\q\s1\s1\n0000101000\s\q\s0\s1\n0000101001\s\q\s1\s1\n0000101010\s\q\s0\s1\n0000101011\s\q\s1\s1\n0000101100\s\q\s0\s1\n0000101101\s\q\s1\s1\n0000101110\s\q\s0\s1\n0000101111\s\q\s1\s1\n0000110000\s\q\s0\s1\n0000110001\s\q\s1\s1\n0000110010\s\q\s0\s1\n0000110011\s\q\s1\s1\n0000110100\s\q\s0\s1\n0000110101\s\q\s1\s1\n0000110110\s\q\s0\s1\n0000110111\s\q\s1\s1\n0000111000\s\q\s0\s1\n0000111001\s\q\s1\s1\n0000111010\s\q\s0\s1\n0000111011\s\q\s1\s1\n0000111100\s\q\s0\s1\n0000111101\s\q\s1\s1\n0000111110\s\q\s0\s1\n0000111111\s\q\s1\s1\n0001000000\s\q\s0\s1\n0001000001\s\q\s1\s1\n0001000010\s\q\s0\s1\n0001000011\s\q\s1\s1\n0001000100\s\q\s0\s1\n0001000101\s\q\s1\s1\n0001000110\s\q\s0\s1\n0001000111\s\q\s1\s1\n0001001000\s\q\s0\s1\n0001001001\s\q\s1\s1\n0001001010\s\q\s0\s1\n0001001011\s\q\s1\s1\n0001001100\s\q\s0\s1\n0001001101\s\q\s1\s1\n0001001110\s\q\s0\s1\n0001001111\s\q\s1\s1\n0001010000\s\q\s0\s1\n0001010001\s\q\s1\s1\n0001010010\s\q\s0\s1\n0001010011\s\q\s1\s1\n0001010100\s\q\s0\s1\n0001010101\s\q\s1\s1\n0001010110\s\q\s0\s1\n0001010111\s\q\s1\s1\n0001011000\s\q\s0\s1\n0001011001\s\q\s1\s1\n0001011010\s\q\s0\s1\n0001011011\s\q\s1\s1\n0001011100\s\q\s0\s1\n0001011101\s\q\s1\s1\n0001011110\s\q\s0\s1\n0001011111\s\q\s1\s1\n0001100000\s\q\s0\s1\n0001100001\s\q\s1\s1\n0001100010\s\q\s0\s1\n0001100011\s\q\s1\s1\n0001100100\s\q\s0\s1\n0001100101\s\q\s1\s1\n0001100110\s\q\s0\s0\n0001100111\s\q\s1\s0\n0001101000\s\q\s0\s0\n0001101001\s\q\s1\s0\n0001101010\s\q\s0\s0\n0001101011\s\q\s1\s0\n0001101100\s\q\s0\s0\n0001101101\s\q\s1\s0\n0001101110\s\q\s0\s0\n0001101111\s\q\s1\s0\n0001110000\s\q\s0\s0\n0001110001\s\q\s1\s0\n0001110010\s\q\s0\s0\n0001110011\s\q\s1\s0\n0001110100\s\q\s0\s0\n0001110101\s\q\s1\s0\n0001110110\s\q\s0\s1\n0001110111\s\q\s1\s1\n0001111000\s\q\s0\s1\n0001111001\s\q\s1\s1\n0001111010\s\q\s0\s1\n0001111011\s\q\s1\s1\n0001111100\s\q\s0\s1\n0001111101\s\q\s1\s1\n0001111110\s\q\s0\s1\n0001111111\s\q\s1\s1\n0010000000\s\q\s0\s1\n0010000001\s\q\s1\s1\n0010000010\s\q\s0\s1\n0010000011\s\q\s1\s1\n0010000100\s\q\s0\s1\n0010000101\s\q\s1\s1\n0010000110\s\q\s0\s1\n0010000111\s\q\s1\s1\n0010001000\s\q\s0\s1\n0010001001\s\q\s1\s1\n0010001010\s\q\s0\s1\n0010001011\s\q\s1\s1\n0010001100\s\q\s0\s1\n0010001101\s\q\s1\s1\n0010001110\s\q\s0\s1\n0010001111\s\q\s1\s1\n0010010000\s\q\s0\s1\n0010010001\s\q\s1\s1\n0010010010\s\q\s0\s1\n0010010011\s\q\s1\s1\n0010010100\s\q\s0\s1\n0010010101\s\q\s1\s1\n0010010110\s\q\s0\s1\n0010010111\s\q\s1\s1\n0010011000\s\q\s0\s1\n0010011001\s\q\s1\s1\n0010011010\s\q\s0\s1\n0010011011\s\q\s1\s1\n0010011100\s\q\s0\s1\n0010011101\s\q\s1\s1\n0010011110\s\q\s0\s1\n0010011111\s\q\s1\s1\n0010100000\s\q\s0\s1\n0010100001\s\q\s1\s1\n0010100010\s\q\s0\s1\n0010100011\s\q\s1\s1\n0010100100\s\q\s0\s1\n0010100101\s\q\s1\s1\n0010100110\s\q\s0\s0\n0010100111\s\q\s1\s0\n0010101000\s\q\s0\s0\n0010101001\s\q\s1\s0\n0010101010\s\q\s0\s0\n0010101011\s\q\s1\s0\n0010101100\s\q\s0\s0\n0010101101\s\q\s1\s0\n0010101110\s\q\s0\s0\n0010101111\s\q\s1\s0\n0010110000\s\q\s0\s0\n0010110001\s\q\s1\s0\n0010110010\s\q\s0\s0\n0010110011\s\q\s1\s0\n0010110100\s\q\s0\s0\n0010110101\s\q\s1\s0\n0010110110\s\q\s0\s1\n0010110111\s\q\s1\s1\n0010111000\s\q\s0\s1\n0010111001\s\q\s1\s1\n0010111010\s\q\s0\s1\n0010111011\s\q\s1\s1\n0010111100\s\q\s0\s1\n0010111101\s\q\s1\s1\n0010111110\s\q\s0\s1\n0010111111\s\q\s1\s1\n0011000000\s\q\s0\s1\n0011000001\s\q\s1\s1\n0011000010\s\q\s0\s1\n0011000011\s\q\s1\s1\n0011000100\s\q\s0\s1\n0011000101\s\q\s1\s1\n0011000110\s\q\s0\s0\n0011000111\s\q\s1\s0\n0011001000\s\q\s0\s0\n0011001001\s\q\s1\s0\n0011001010\s\q\s0\s0\n0011001011\s\q\s1\s0\n0011001100\s\q\s0\s0\n0011001101\s\q\s1\s0\n0011001110\s\q\s0\s0\n0011001111\s\q\s1\s0\n0011010000\s\q\s0\s0\n0011010001\s\q\s1\s0\n0011010010\s\q\s0\s0\n0011010011\s\q\s1\s0\n0011010100\s\q\s0\s0\n0011010101\s\q\s1\s0\n0011010110\s\q\s0\s1\n0011010111\s\q\s1\s1\n0011011000\s\q\s0\s1\n0011011001\s\q\s1\s1\n0011011010\s\q\s0\s1\n0011011011\s\q\s1\s1\n0011011100\s\q\s0\s1\n0011011101\s\q\s1\s1\n0011011110\s\q\s0\s1\n0011011111\s\q\s1\s1\n0011100000\s\q\s0\s1\n0011100001\s\q\s1\s1\n0011100010\s\q\s0\s1\n0011100011\s\q\s1\s1\n0011100100\s\q\s0\s1\n0011100101\s\q\s1\s1\n0011100110\s\q\s0\s1\n0011100111\s\q\s1\s1\n0011101000\s\q\s0\s1\n0011101001\s\q\s1\s1\n0011101010\s\q\s0\s1\n0011101011\s\q\s1\s1\n0011101100\s\q\s0\s1\n0011101101\s\q\s1\s1\n0011101110\s\q\s0\s1\n0011101111\s\q\s1\s1\n0011110000\s\q\s0\s1\n0011110001\s\q\s1\s1\n0011110010\s\q\s0\s1\n0011110011\s\q\s1\s1\n0011110100\s\q\s0\s1\n0011110101\s\q\s1\s1\n0011110110\s\q\s0\s0\n0011110111\s\q\s1\s0\n0011111000\s\q\s0\s0\n0011111001\s\q\s1\s0\n0011111010\s\q\s0\s0\n0011111011\s\q\s1\s0\n0011111100\s\q\s0\s0\n0011111101\s\q\s1\s0\n0011111110\s\q\s0\s0\n0011111111\s\q\s1\s0\n0100000000\s\q\s0\s0\n0100000001\s\q\s1\s0\n0100000010\s\q\s0\s0\n0100000011\s\q\s1\s0\n0100000100\s\q\s0\s0\n0100000101\s\q\s1\s0\n0100000110\s\q\s0\s1\n0100000111\s\q\s1\s1\n0100001000\s\q\s0\s1\n0100001001\s\q\s1\s1\n0100001010\s\q\s0\s1\n0100001011\s\q\s1\s1\n0100001100\s\q\s0\s1\n0100001101\s\q\s1\s1\n0100001110\s\q\s0\s1\n0100001111\s\q\s1\s1\n0100010000\s\q\s0\s1\n0100010001\s\q\s1\s1\n0100010010\s\q\s0\s1\n0100010011\s\q\s1\s1\n0100010100\s\q\s0\s1\n0100010101\s\q\s1\s1\n0100010110\s\q\s0\s0\n0100010111\s\q\s1\s0\n0100011000\s\q\s0\s0\n0100011001\s\q\s1\s0\n0100011010\s\q\s0\s0\n0100011011\s\q\s1\s0\n0100011100\s\q\s0\s0\n0100011101\s\q\s1\s0\n0100011110\s\q\s0\s0\n0100011111\s\q\s1\s0\n0100100000\s\q\s0\s0\n0100100001\s\q\s1\s0\n0100100010\s\q\s0\s0\n0100100011\s\q\s1\s0\n0100100100\s\q\s0\s0\n0100100101\s\q\s1\s0\n0100100110\s\q\s0\s1\n0100100111\s\q\s1\s1\n0100101000\s\q\s0\s1\n0100101001\s\q\s1\s1\n0100101010\s\q\s0\s1\n0100101011\s\q\s1\s1\n0100101100\s\q\s0\s1\n0100101101\s\q\s1\s1\n0100101110\s\q\s0\s1\n0100101111\s\q\s1\s1\n0100110000\s\q\s0\s1\n0100110001\s\q\s1\s1\n0100110010\s\q\s0\s1\n0100110011\s\q\s1\s1\n0100110100\s\q\s0\s1\n0100110101\s\q\s1\s1\n0100110110\s\q\s0\s1\n0100110111\s\q\s1\s1\n0100111000\s\q\s0\s1\n0100111001\s\q\s1\s1\n0100111010\s\q\s0\s1\n0100111011\s\q\s1\s1\n0100111100\s\q\s0\s1\n0100111101\s\q\s1\s1\n0100111110\s\q\s0\s1\n0100111111\s\q\s1\s1\n0101000000\s\q\s0\s1\n0101000001\s\q\s1\s1\n0101000010\s\q\s0\s1\n0101000011\s\q\s1\s1\n0101000100\s\q\s0\s1\n0101000101\s\q\s1\s1\n0101000110\s\q\s0\s0\n0101000111\s\q\s1\s0\n0101001000\s\q\s0\s0\n0101001001\s\q\s1\s0\n0101001010\s\q\s0\s0\n0101001011\s\q\s1\s0\n0101001100\s\q\s0\s0\n0101001101\s\q\s1\s0\n0101001110\s\q\s0\s0\n0101001111\s\q\s1\s0\n0101010000\s\q\s0\s0\n0101010001\s\q\s1\s0\n0101010010\s\q\s0\s0\n0101010011\s\q\s1\s0\n0101010100\s\q\s0\s0\n0101010101\s\q\s1\s0\n0101010110\s\q\s0\s0\n0101010111\s\q\s1\s0\n0101011000\s\q\s0\s0\n0101011001\s\q\s1\s0\n0101011010\s\q\s0\s0\n0101011011\s\q\s1\s0\n0101011100\s\q\s0\s0\n0101011101\s\q\s1\s0\n0101011110\s\q\s0\s0\n0101011111\s\q\s1\s0\n0101100000\s\q\s0\s0\n0101100001\s\q\s1\s0\n0101100010\s\q\s0\s0\n0101100011\s\q\s1\s0\n0101100100\s\q\s0\s0\n0101100101\s\q\s1\s0\n0101100110\s\q\s0\s1\n0101100111\s\q\s1\s1\n0101101000\s\q\s0\s1\n0101101001\s\q\s1\s1\n0101101010\s\q\s0\s1\n0101101011\s\q\s1\s1\n0101101100\s\q\s0\s1\n0101101101\s\q\s1\s1\n0101101110\s\q\s0\s1\n0101101111\s\q\s1\s1\n0101110000\s\q\s0\s1\n0101110001\s\q\s1\s1\n0101110010\s\q\s0\s1\n0101110011\s\q\s1\s1\n0101110100\s\q\s0\s1\n0101110101\s\q\s1\s1\n0101110110\s\q\s0\s1\n0101110111\s\q\s1\s1\n0101111000\s\q\s0\s1\n0101111001\s\q\s1\s1\n0101111010\s\q\s0\s1\n0101111011\s\q\s1\s1\n0101111100\s\q\s0\s1\n0101111101\s\q\s1\s1\n0101111110\s\q\s0\s1\n0101111111\s\q\s1\s1\n0110000000\s\q\s0\s1\n0110000001\s\q\s1\s1\n0110000010\s\q\s0\s1\n0110000011\s\q\s1\s1\n0110000100\s\q\s0\s1\n0110000101\s\q\s1\s1\n0110000110\s\q\s0\s1\n0110000111\s\q\s1\s1\n0110001000\s\q\s0\s1\n0110001001\s\q\s1\s1\n0110001010\s\q\s0\s1\n0110001011\s\q\s1\s1\n0110001100\s\q\s0\s1\n0110001101\s\q\s1\s1\n0110001110\s\q\s0\s1\n0110001111\s\q\s1\s1\n0110010000\s\q\s0\s1\n0110010001\s\q\s1\s1\n0110010010\s\q\s0\s1\n0110010011\s\q\s1\s1\n0110010100\s\q\s0\s1\n0110010101\s\q\s1\s1\n0110010110\s\q\s0\s1\n0110010111\s\q\s1\s1\n0110011000\s\q\s0\s1\n0110011001\s\q\s1\s1\n0110011010\s\q\s0\s1\n0110011011\s\q\s1\s1\n0110011100\s\q\s0\s1\n0110011101\s\q\s1\s1\n0110011110\s\q\s0\s1\n0110011111\s\q\s1\s1\n0110100000\s\q\s0\s1\n0110100001\s\q\s1\s1\n0110100010\s\q\s0\s1\n0110100011\s\q\s1\s1\n0110100100\s\q\s0\s1\n0110100101\s\q\s1\s1\n0110100110\s\q\s0\s1\n0110100111\s\q\s1\s1\n0110101000\s\q\s0\s1\n0110101001\s\q\s1\s1\n0110101010\s\q\s0\s1\n0110101011\s\q\s1\s1\n0110101100\s\q\s0\s1\n0110101101\s\q\s1\s1\n0110101110\s\q\s0\s1\n0110101111\s\q\s1\s1\n0110110000\s\q\s0\s1\n0110110001\s\q\s1\s1\n0110110010\s\q\s0\s1\n0110110011\s\q\s1\s1\n0110110100\s\q\s0\s1\n0110110101\s\q\s1\s1\n0110110110\s\q\s0\s0\n0110110111\s\q\s1\s0\n0110111000\s\q\s0\s0\n0110111001\s\q\s1\s0\n0110111010\s\q\s0\s0\n0110111011\s\q\s1\s0\n0110111100\s\q\s0\s0\n0110111101\s\q\s1\s0\n0110111110\s\q\s0\s0\n0110111111\s\q\s1\s0\n0111000000\s\q\s0\s0\n0111000001\s\q\s1\s0\n0111000010\s\q\s0\s0\n0111000011\s\q\s1\s0\n0111000100\s\q\s0\s0\n0111000101\s\q\s1\s0\n0111000110\s\q\s0\s1\n0111000111\s\q\s1\s1\n0111001000\s\q\s0\s1\n0111001001\s\q\s1\s1\n0111001010\s\q\s0\s1\n0111001011\s\q\s1\s1\n0111001100\s\q\s0\s1\n0111001101\s\q\s1\s1\n0111001110\s\q\s0\s1\n0111001111\s\q\s1\s1\n0111010000\s\q\s0\s1\n0111010001\s\q\s1\s1\n0111010010\s\q\s0\s1\n0111010011\s\q\s1\s1\n0111010100\s\q\s0\s1\n0111010101\s\q\s1\s1\n0111010110\s\q\s0\s1\n0111010111\s\q\s1\s1\n0111011000\s\q\s0\s1\n0111011001\s\q\s1\s1\n0111011010\s\q\s0\s1\n0111011011\s\q\s1\s1\n0111011100\s\q\s0\s1\n0111011101\s\q\s1\s1\n0111011110\s\q\s0\s1\n0111011111\s\q\s1\s1\n0111100000\s\q\s0\s1\n0111100001\s\q\s1\s1\n0111100010\s\q\s0\s1\n0111100011\s\q\s1\s1\n0111100100\s\q\s0\s1\n0111100101\s\q\s1\s1\n0111100110\s\q\s0\s1\n0111100111\s\q\s1\s1\n0111101000\s\q\s0\s1\n0111101001\s\q\s1\s1\n0111101010\s\q\s0\s1\n0111101011\s\q\s1\s1\n0111101100\s\q\s0\s1\n0111101101\s\q\s1\s1\n0111101110\s\q\s0\s1\n0111101111\s\q\s1\s1\n0111110000\s\q\s0\s1\n0111110001\s\q\s1\s1\n0111110010\s\q\s0\s1\n0111110011\s\q\s1\s1\n0111110100\s\q\s0\s1\n0111110101\s\q\s1\s1\n0111110110\s\q\s0\s1\n0111110111\s\q\s1\s1\n0111111000\s\q\s0\s1\n0111111001\s\q\s1\s1\n0111111010\s\q\s0\s1\n0111111011\s\q\s1\s1\n0111111100\s\q\s0\s1\n0111111101\s\q\s1\s1\n0111111110\s\q\s0\s1\n0111111111\s\q\s1\s1\n1000000000\s\q\s0\s1\n1000000001\s\q\s1\s1\n1000000010\s\q\s0\s1\n1000000011\s\q\s1\s1\n1000000100\s\q\s0\s0\n1000000101\s\q\s1\s0\n1000000110\s\q\s0\s0\n1000000111\s\q\s1\s0\n1000001000\s\q\s0\s0\n1000001001\s\q\s1\s0\n1000001010\s\q\s0\s0\n1000001011\s\q\s1\s0\n1000001100\s\q\s0\s0\n1000001101\s\q\s1\s0\n1000001110\s\q\s0\s0\n1000001111\s\q\s1\s0\n1000010000\s\q\s0\s0\n1000010001\s\q\s1\s0\n1000010010\s\q\s0\s0\n1000010011\s\q\s1\s0\n1000010100\s\q\s0\s1\n1000010101\s\q\s1\s1\n1000010110\s\q\s0\s1\n1000010111\s\q\s1\s1\n1000011000\s\q\s0\s1\n1000011001\s\q\s1\s1\n1000011010\s\q\s0\s1\n1000011011\s\q\s1\s1\n1000011100\s\q\s0\s1\n1000011101\s\q\s1\s1\n1000011110\s\q\s0\s1\n1000011111\s\q\s1\s1\n1000100000\s\q\s0\s1\n1000100001\s\q\s1\s1\n1000100010\s\q\s0\s1\n1000100011\s\q\s1\s1\n1000100100\s\q\s0\s1\n1000100101\s\q\s1\s1\n1000100110\s\q\s0\s1\n1000100111\s\q\s1\s1\n1000101000\s\q\s0\s1\n1000101001\s\q\s1\s1\n1000101010\s\q\s0\s1\n1000101011\s\q\s1\s1\n1000101100\s\q\s0\s1\n1000101101\s\q\s1\s1\n1000101110\s\q\s0\s1\n1000101111\s\q\s1\s1\n1000110000\s\q\s0\s1\n1000110001\s\q\s1\s1\n1000110010\s\q\s0\s1\n1000110011\s\q\s1\s1\n1000110100\s\q\s0\s1\n1000110101\s\q\s1\s1\n1000110110\s\q\s0\s1\n1000110111\s\q\s1\s1\n1000111000\s\q\s0\s1\n1000111001\s\q\s1\s1\n1000111010\s\q\s0\s1\n1000111011\s\q\s1\s1\n1000111100\s\q\s0\s1\n1000111101\s\q\s1\s1\n1000111110\s\q\s0\s1\n1000111111\s\q\s1\s1\n1001000000\s\q\s0\s1\n1001000001\s\q\s1\s1\n1001000010\s\q\s0\s1\n1001000011\s\q\s1\s1\n1001000100\s\q\s0\s1\n1001000101\s\q\s1\s1\n1001000110\s\q\s0\s1\n1001000111\s\q\s1\s1\n1001001000\s\q\s0\s1\n1001001001\s\q\s1\s1\n1001001010\s\q\s0\s1\n1001001011\s\q\s1\s1\n1001001100\s\q\s0\s1\n1001001101\s\q\s1\s1\n1001001110\s\q\s0\s1\n1001001111\s\q\s1\s1\n1001010000\s\q\s0\s1\n1001010001\s\q\s1\s1\n1001010010\s\q\s0\s1\n1001010011\s\q\s1\s1\n1001010100\s\q\s0\s0\n1001010101\s\q\s1\s0\n1001010110\s\q\s0\s0\n1001010111\s\q\s1\s0\n1001011000\s\q\s0\s0\n1001011001\s\q\s1\s0\n1001011010\s\q\s0\s0\n1001011011\s\q\s1\s0\n1001011100\s\q\s0\s0\n1001011101\s\q\s1\s0\n1001011110\s\q\s0\s0\n1001011111\s\q\s1\s0\n1001100000\s\q\s0\s0\n1001100001\s\q\s1\s0\n1001100010\s\q\s0\s0\n1001100011\s\q\s1\s0\n1001100100\s\q\s0\s1\n1001100101\s\q\s1\s1\n1001100110\s\q\s0\s1\n1001100111\s\q\s1\s1\n1001101000\s\q\s0\s1\n1001101001\s\q\s1\s1\n1001101010\s\q\s0\s1\n1001101011\s\q\s1\s1\n1001101100\s\q\s0\s1\n1001101101\s\q\s1\s1\n1001101110\s\q\s0\s1\n1001101111\s\q\s1\s1\n1001110000\s\q\s0\s1\n1001110001\s\q\s1\s1\n1001110010\s\q\s0\s1\n1001110011\s\q\s1\s1\n1001110100\s\q\s0\s1\n1001110101\s\q\s1\s1\n1001110110\s\q\s0\s1\n1001110111\s\q\s1\s1\n1001111000\s\q\s0\s1\n1001111001\s\q\s1\s1\n1001111010\s\q\s0\s1\n1001111011\s\q\s1\s1\n1001111100\s\q\s0\s1\n1001111101\s\q\s1\s1\n1001111110\s\q\s0\s1\n1001111111\s\q\s1\s1\n1010000000\s\q\s0\s1\n1010000001\s\q\s1\s1\n1010000010\s\q\s0\s1\n1010000011\s\q\s1\s1\n1010000100\s\q\s0\s1\n1010000101\s\q\s1\s1\n1010000110\s\q\s0\s1\n1010000111\s\q\s1\s1\n1010001000\s\q\s0\s1\n1010001001\s\q\s1\s1\n1010001010\s\q\s0\s1\n1010001011\s\q\s1\s1\n1010001100\s\q\s0\s1\n1010001101\s\q\s1\s1\n1010001110\s\q\s0\s1\n1010001111\s\q\s1\s1\n1010010000\s\q\s0\s1\n1010010001\s\q\s1\s1\n1010010010\s\q\s0\s1\n1010010011\s\q\s1\s1\n1010010100\s\q\s0\s1\n1010010101\s\q\s1\s1\n1010010110\s\q\s0\s1\n1010010111\s\q\s1\s1\n1010011000\s\q\s0\s1\n1010011001\s\q\s1\s1\n1010011010\s\q\s0\s1\n1010011011\s\q\s1\s1\n1010011100\s\q\s0\s1\n1010011101\s\q\s1\s1\n1010011110\s\q\s0\s1\n1010011111\s\q\s1\s1\n1010100000\s\q\s0\s1\n1010100001\s\q\s1\s1\n1010100010\s\q\s0\s1\n1010100011\s\q\s1\s1\n1010100100\s\q\s0\s1\n1010100101\s\q\s1\s1\n1010100110\s\q\s0\s0\n1010100111\s\q\s1\s0\n1010101000\s\q\s0\s0\n1010101001\s\q\s1\s0\n1010101010\s\q\s0\s0\n1010101011\s\q\s1\s0\n1010101100\s\q\s0\s0\n1010101101\s\q\s1\s0\n1010101110\s\q\s0\s0\n1010101111\s\q\s1\s0\n1010110000\s\q\s0\s0\n1010110001\s\q\s1\s0\n1010110010\s\q\s0\s0\n1010110011\s\q\s1\s0\n1010110100\s\q\s0\s0\n1010110101\s\q\s1\s0\n1010110110\s\q\s0\s0\n1010110111\s\q\s1\s0\n1010111000\s\q\s0\s0\n1010111001\s\q\s1\s0\n1010111010\s\q\s0\s0\n1010111011\s\q\s1\s0\n1010111100\s\q\s0\s0\n1010111101\s\q\s1\s0\n1010111110\s\q\s0\s0\n1010111111\s\q\s1\s0\n1011000000\s\q\s0\s0\n1011000001\s\q\s1\s0\n1011000010\s\q\s0\s0\n1011000011\s\q\s1\s0\n1011000100\s\q\s0\s0\n1011000101\s\q\s1\s0\n1011000110\s\q\s0\s1\n1011000111\s\q\s1\s1\n1011001000\s\q\s0\s1\n1011001001\s\q\s1\s1\n1011001010\s\q\s0\s1\n1011001011\s\q\s1\s1\n1011001100\s\q\s0\s1\n1011001101\s\q\s1\s1\n1011001110\s\q\s0\s1\n1011001111\s\q\s1\s1\n1011010000\s\q\s0\s1\n1011010001\s\q\s1\s1\n1011010010\s\q\s0\s1\n1011010011\s\q\s1\s1\n1011010100\s\q\s0\s1\n1011010101\s\q\s1\s1\n1011010110\s\q\s0\s0\n1011010111\s\q\s1\s0\n1011011000\s\q\s0\s0\n1011011001\s\q\s1\s0\n1011011010\s\q\s0\s0\n1011011011\s\q\s1\s0\n1011011100\s\q\s0\s0\n1011011101\s\q\s1\s0\n1011011110\s\q\s0\s0\n1011011111\s\q\s1\s0\n1011100000\s\q\s0\s0\n1011100001\s\q\s1\s0\n1011100010\s\q\s0\s0\n1011100011\s\q\s1\s0\n1011100100\s\q\s0\s0\n1011100101\s\q\s1\s0\n1011100110\s\q\s0\s0\n1011100111\s\q\s1\s0\n1011101000\s\q\s0\s0\n1011101001\s\q\s1\s0\n1011101010\s\q\s0\s0\n1011101011\s\q\s1\s0\n1011101100\s\q\s0\s0\n1011101101\s\q\s1\s0\n1011101110\s\q\s0\s0\n1011101111\s\q\s1\s0\n1011110000\s\q\s0\s0\n1011110001\s\q\s1\s0\n1011110010\s\q\s0\s0\n1011110011\s\q\s1\s0\n1011110100\s\q\s0\s0\n1011110101\s\q\s1\s0\n1011110110\s\q\s0\s1\n1011110111\s\q\s1\s1\n1011111000\s\q\s0\s1\n1011111001\s\q\s1\s1\n1011111010\s\q\s0\s1\n1011111011\s\q\s1\s1\n1011111100\s\q\s0\s1\n1011111101\s\q\s1\s1\n1011111110\s\q\s0\s1\n1011111111\s\q\s1\s1\n1100000000\s\q\s0\s1\n1100000001\s\q\s1\s1\n1100000010\s\q\s0\s1\n1100000011\s\q\s1\s1\n1100000100\s\q\s0\s1\n1100000101\s\q\s1\s1\n1100000110\s\q\s0\s0\n1100000111\s\q\s1\s0\n1100001000\s\q\s0\s0\n1100001001\s\q\s1\s0\n1100001010\s\q\s0\s0\n1100001011\s\q\s1\s0\n1100001100\s\q\s0\s0\n1100001101\s\q\s1\s0\n1100001110\s\q\s0\s0\n1100001111\s\q\s1\s0\n1100010000\s\q\s0\s0\n1100010001\s\q\s1\s0\n1100010010\s\q\s0\s0\n1100010011\s\q\s1\s0\n1100010100\s\q\s0\s0\n1100010101\s\q\s1\s0\n1100010110\s\q\s0\s0\n1100010111\s\q\s1\s0\n1100011000\s\q\s0\s0\n1100011001\s\q\s1\s0\n1100011010\s\q\s0\s0\n1100011011\s\q\s1\s0\n1100011100\s\q\s0\s0\n1100011101\s\q\s1\s0\n1100011110\s\q\s0\s0\n1100011111\s\q\s1\s0\n1100100000\s\q\s0\s0\n1100100001\s\q\s1\s0\n1100100010\s\q\s0\s0\n1100100011\s\q\s1\s0\n1100100100\s\q\s0\s0\n1100100101\s\q\s1\s0\n1100100110\s\q\s0\s0\n1100100111\s\q\s1\s0\n1100101000\s\q\s0\s0\n1100101001\s\q\s1\s0\n1100101010\s\q\s0\s0\n1100101011\s\q\s1\s0\n1100101100\s\q\s0\s0\n1100101101\s\q\s1\s0\n1100101110\s\q\s0\s0\n1100101111\s\q\s1\s0\n1100110000\s\q\s0\s0\n1100110001\s\q\s1\s0\n1100110010\s\q\s0\s0\n1100110011\s\q\s1\s0\n1100110100\s\q\s0\s0\n1100110101\s\q\s1\s0\n1100110110\s\q\s0\s1\n1100110111\s\q\s1\s1\n1100111000\s\q\s0\s1\n1100111001\s\q\s1\s1\n1100111010\s\q\s0\s1\n1100111011\s\q\s1\s1\n1100111100\s\q\s0\s1\n1100111101\s\q\s1\s1\n1100111110\s\q\s0\s1\n1100111111\s\q\s1\s1\n1101000000\s\q\s0\s1\n1101000001\s\q\s1\s1\n1101000010\s\q\s0\s1\n1101000011\s\q\s1\s1\n1101000100\s\q\s0\s1\n1101000101\s\q\s1\s1\n1101000110\s\q\s0\s0\n1101000111\s\q\s1\s0\n1101001000\s\q\s0\s0\n1101001001\s\q\s1\s0\n1101001010\s\q\s0\s0\n1101001011\s\q\s1\s0\n1101001100\s\q\s0\s0\n1101001101\s\q\s1\s0\n1101001110\s\q\s0\s0\n1101001111\s\q\s1\s0\n1101010000\s\q\s0\s0\n1101010001\s\q\s1\s0\n1101010010\s\q\s0\s0\n1101010011\s\q\s1\s0\n1101010100\s\q\s0\s0\n1101010101\s\q\s1\s0\n1101010110\s\q\s0\s0\n1101010111\s\q\s1\s0\n1101011000\s\q\s0\s0\n1101011001\s\q\s1\s0\n1101011010\s\q\s0\s0\n1101011011\s\q\s1\s0\n1101011100\s\q\s0\s0\n1101011101\s\q\s1\s0\n1101011110\s\q\s0\s0\n1101011111\s\q\s1\s0\n1101100000\s\q\s0\s0\n1101100001\s\q\s1\s0\n1101100010\s\q\s0\s0\n1101100011\s\q\s1\s0\n1101100100\s\q\s0\s0\n1101100101\s\q\s1\s0\n1101100110\s\q\s0\s0\n1101100111\s\q\s1\s0\n1101101000\s\q\s0\s0\n1101101001\s\q\s1\s0\n1101101010\s\q\s0\s0\n1101101011\s\q\s1\s0\n1101101100\s\q\s0\s0\n1101101101\s\q\s1\s0\n1101101110\s\q\s0\s0\n1101101111\s\q\s1\s0\n1101110000\s\q\s0\s0\n1101110001\s\q\s1\s0\n1101110010\s\q\s0\s0\n1101110011\s\q\s1\s0\n1101110100\s\q\s0\s0\n1101110101\s\q\s1\s0\n1101110110\s\q\s0\s1\n1101110111\s\q\s1\s1\n1101111000\s\q\s0\s1\n1101111001\s\q\s1\s1\n1101111010\s\q\s0\s1\n1101111011\s\q\s1\s1\n1101111100\s\q\s0\s1\n1101111101\s\q\s1\s1\n1101111110\s\q\s0\s1\n1101111111\s\q\s1\s1\n1110000000\s\q\s0\s1\n1110000001\s\q\s1\s1\n1110000010\s\q\s0\s1\n1110000011\s\q\s1\s1\n1110000100\s\q\s0\s1\n1110000101\s\q\s1\s1\n1110000110\s\q\s0\s0\n1110000111\s\q\s1\s0\n1110001000\s\q\s0\s0\n1110001001\s\q\s1\s0\n1110001010\s\q\s0\s0\n1110001011\s\q\s1\s0\n1110001100\s\q\s0\s0\n1110001101\s\q\s1\s0\n1110001110\s\q\s0\s0\n1110001111\s\q\s1\s0\n1110010000\s\q\s0\s0\n1110010001\s\q\s1\s0\n1110010010\s\q\s0\s0\n1110010011\s\q\s1\s0\n1110010100\s\q\s0\s0\n1110010101\s\q\s1\s0\n1110010110\s\q\s0\s1\n1110010111\s\q\s1\s1\n1110011000\s\q\s0\s1\n1110011001\s\q\s1\s1\n1110011010\s\q\s0\s1\n1110011011\s\q\s1\s1\n1110011100\s\q\s0\s1\n1110011101\s\q\s1\s1\n1110011110\s\q\s0\s1\n1110011111\s\q\s1\s1\n1110100000\s\q\s0\s1\n1110100001\s\q\s1\s1\n1110100010\s\q\s0\s1\n1110100011\s\q\s1\s1\n1110100100\s\q\s0\s1\n1110100101\s\q\s1\s1\n1110100110\s\q\s0\s1\n1110100111\s\q\s1\s1\n1110101000\s\q\s0\s1\n1110101001\s\q\s1\s1\n1110101010\s\q\s0\s1\n1110101011\s\q\s1\s1\n1110101100\s\q\s0\s1\n1110101101\s\q\s1\s1\n1110101110\s\q\s0\s1\n1110101111\s\q\s1\s1\n1110110000\s\q\s0\s1\n1110110001\s\q\s1\s1\n1110110010\s\q\s0\s1\n1110110011\s\q\s1\s1\n1110110100\s\q\s0\s1\n1110110101\s\q\s1\s1\n1110110110\s\q\s0\s0\n1110110111\s\q\s1\s0\n1110111000\s\q\s0\s0\n1110111001\s\q\s1\s0\n1110111010\s\q\s0\s0\n1110111011\s\q\s1\s0\n1110111100\s\q\s0\s0\n1110111101\s\q\s1\s0\n1110111110\s\q\s0\s0\n1110111111\s\q\s1\s0\n1111000000\s\q\s0\s0\n1111000001\s\q\s1\s0\n1111000010\s\q\s0\s0\n1111000011\s\q\s1\s0\n1111000100\s\q\s0\s0\n1111000101\s\q\s1\s0\n1111000110\s\q\s0\s0\n1111000111\s\q\s1\s0\n1111001000\s\q\s0\s0\n1111001001\s\q\s1\s0\n1111001010\s\q\s0\s0\n1111001011\s\q\s1\s0\n1111001100\s\q\s0\s0\n1111001101\s\q\s1\s0\n1111001110\s\q\s0\s0\n1111001111\s\q\s1\s0\n1111010000\s\q\s0\s0\n1111010001\s\q\s1\s0\n1111010010\s\q\s0\s0\n1111010011\s\q\s1\s0\n1111010100\s\q\s0\s0\n1111010101\s\q\s1\s0\n1111010110\s\q\s0\s1\n1111010111\s\q\s1\s1\n1111011000\s\q\s0\s1\n1111011001\s\q\s1\s1\n1111011010\s\q\s0\s1\n1111011011\s\q\s1\s1\n1111011100\s\q\s0\s1\n1111011101\s\q\s1\s1\n1111011110\s\q\s0\s1\n1111011111\s\q\s1\s1\n1111100000\s\q\s0\s1\n1111100001\s\q\s1\s1\n1111100010\s\q\s0\s1\n1111100011\s\q\s1\s1\n1111100100\s\q\s0\s1\n1111100101\s\q\s1\s1\n1111100110\s\q\s0\s1\n1111100111\s\q\s1\s1\n1111101000\s\q\s0\s1\n1111101001\s\q\s1\s1\n1111101010\s\q\s0\s1\n1111101011\s\q\s1\s1\n1111101100\s\q\s0\s1\n1111101101\s\q\s1\s1\n1111101110\s\q\s0\s1\n1111101111\s\q\s1\s1\n1111110000\s\q\s0\s1\n1111110001\s\q\s1\s1\n1111110010\s\q\s0\s1\n1111110011\s\q\s1\s1\n1111110100\s\q\s0\s1\n1111110101\s\q\s1\s1\n1111110110\s\q\s0\s1\n1111110111\s\q\s1\s1\n1111111000\s\q\s0\s1\n1111111001\s\q\s1\s1\n1111111010\s\q\s0\s1\n1111111011\s\q\s1\s1\n1111111100\s\q\s0\s1\n1111111101\s\q\s1\s1\n1111111110\s\q\s0\s1\n1111111111\s\q\s1\s1\n
208 176 368 288 368 0 default 0 0
w 272 400 336 400 0
w 336 400 336 304 0
197 2016 368 2112 368 1024
157 1856 368 1952 368 1024 7 0 0
w 1840 496 1840 560 0
w 1808 528 1808 496 0
157 1712 368 1808 368 0 7 0 0
197 1584 368 1680 368 0
w 1920 528 1920 496 0
w 1888 496 1888 560 0
g 976 512 976 528 0 0
w 928 368 736 368 0
w 736 368 736 544 0
w 720 544 736 544 0
w 512 304 336 304 0
162 928 752 976 752 2 default-led 1 0 0 0.01
w 832 768 848 768 0
w 832 800 832 768 0
w 896 800 832 800 0
w 832 848 848 848 0
w 832 816 832 848 0
w 896 816 832 816 0
w 928 784 896 816 0
w 928 832 896 800 0
w 928 864 928 832 0
w 912 864 928 864 0
w 928 752 928 784 0
w 912 752 928 752 0
151 848 752 912 752 0 2 0 5
151 848 864 912 864 0 2 0 5
w 832 736 848 736 0
g 976 752 976 768 0 0
s 752 880 800 880 0 1 true
w 848 880 800 880 0
w 752 880 736 880 0
R 800 944 784 944 0 0 40 5 0 0 0.5
r 800 880 800 944 0 1000
g 976 864 976 880 0 0
162 928 864 976 864 2 default-led 1 0 0 0.01
g 736 880 736 896 0 0
w 832 736 832 656 0
w 544 432 560 432 0
x 44 331 260 334 4 24 DE\sAD\sBE\sEF\s12\s34
g 1088 448 1088 464 0 0
w 1104 432 1088 432 0
w 1088 432 1088 448 0
R 1088 400 1088 384 0 0 40 5 0 0 0.5
w 1104 400 1088 400 0
w 1712 496 1776 496 0
w 1712 528 1808 528 0
w 1712 560 1840 560 0
w 1232 368 1584 368 0
w 1584 400 1232 400 0
w 1232 432 1584 432 0
w 1584 464 1232 464 0
w 1952 496 2016 496 0
w 1920 528 2016 528 0
w 1888 560 2016 560 0
w 1232 496 1584 496 0
w 1584 496 1584 592 0
w 1584 592 2160 592 0
w 2160 592 2160 368 0
w 2144 368 2160 368 0
w 1232 528 1568 528 0
w 1568 528 1568 608 0
w 1568 608 2176 608 0
w 2176 608 2176 400 0
w 2176 400 2144 400 0
w 2144 432 2192 432 0
w 2192 432 2192 624 0
w 2192 624 1552 624 0
w 1552 624 1552 560 0
w 1552 560 1232 560 0
w 1536 640 2208 640 0
w 2208 640 2208 464 0
w 2208 464 2144 464 0
w 1536 592 1536 640 0
w 416 560 400 560 0
w 400 560 400 400 0
w 400 400 416 400 0
w 368 528 416 528 0
w 272 368 416 368 0
w 1232 592 1536 592 0
x 654 -384 720 -381 4 24 74393
x 1200 -212 1266 -209 4 24 74165
g 1728 -272 1728 -256 0 0
162 1680 -272 1728 -272 2 default-led 1 0 0 0.01
151 1440 -256 1504 -256 0 2 0 5
151 1568 -272 1632 -272 0 2 0 5
w 1680 -272 1632 -272 0
w 1568 -256 1504 -256 0
w 1440 -240 1344 -240 0
w 1248 -304 1248 -368 0
w 1248 -368 1408 -368 0
w 1408 -368 1408 -272 0
w 1408 -272 1440 -272 0
w 1248 -368 976 -368 0
R 1184 -304 1184 -320 0 0 40 5 0 0 0.5
g 1280 -304 1280 -320 0 0
w 1216 -304 1216 -336 0
w 1216 -336 976 -336 0
151 800 -304 864 -304 0 2 0 5
w 752 -320 800 -320 0
w 752 -256 784 -256 0
w 784 -256 784 -288 0
w 784 -288 800 -288 0
151 560 -448 560 -368 0 2 0 5
w 624 -352 560 -352 0
w 560 -352 560 -368 0
w 864 -304 880 -304 0
w 880 -304 880 -464 0
w 880 -464 576 -464 0
w 576 -464 576 -448 0
g 624 -160 608 -160 0 0
w 752 -96 976 -96 0
w 976 -96 976 -336 0
152 1328 -480 1408 -480 0 2 0 5
w 1408 -480 1536 -480 0
w 1536 -480 1536 -288 0
w 1536 -288 1568 -288 0
w 1328 -464 880 -464 0
w 1328 -496 432 -496 0
w 544 -448 544 -464 0
w 544 -464 432 -464 0
w 976 -368 976 -528 0
w 976 -528 432 -528 0
x 594 -361 632 -358 4 24 1cp
x 589 -297 630 -294 4 24 1mr
x 591 -205 629 -202 4 24 2cp
x 595 -134 636 -131 4 24 2mr
x 1131 -299 1180 -296 4 24 SER
x 1014 -327 1047 -324 4 24 CK
x 1018 -361 1048 -358 4 24 LD
x 1291 -313 1332 -310 4 24 INH
x 1372 -235 1408 -232 4 24 QH
x 1018 299 1051 302 4 24 DS
x 1015 332 1081 335 4 24 SHCP
x 1023 362 1087 365 4 24 STCP
x 1026 404 1063 407 4 24 MR
x 1025 436 1059 439 4 24 OE
